1
20 20
86101949 181507465 31125675 -781964581 755285193 -912867468 222474385 -841302805 -661137346 734517966 138205528 953955258 -593740183 81284916 -290978987 -320391659 -311545281 382336157 63625914 599647290 555471467 977111482 794843181 743025506 -542053131 532451598 -146920672 -201150309 511409388 -60570537 937718163 104492798 -39028014 14459775 -441294887 449846255 -372804713 882080946 -812198847 218992248 96268043 521663139 -691569488 235471476 -288522299 -130651461 -543056707 -986844608 -546130150 956363063 
312605410 225143732 711108548 698028014 -474639623 412606634 745113957 -369002347 -506760641 -520571149 585101411 136504827 -429219639 -735237129 190304787 -312573294 412722539 -813989688 89121215 -38652642 112875145 697011046 -874479333 -735450155 -155972505 -149265821 -337228374 788492150 -174367134 -161763081 -590867764 -634422145 45698304 723133748 444335023 418870475 523655143 451465462 151922587 -157552209 -137589551 -671170909 -198691956 -510752691 -546326951 288207433 994949789 -734614816 -816048397 -275551483 
715955497 -821112756 50639961 -816248297 906761101 388514903 40928182 -967595807 686367615 214196352 513729205 944308790 487164672 355485823 483778241 -602226059 -195657843 373889970 -846880525 989422504 557070533 897337759 -245971200 663522430 -247561330 -765930518 473359506 -813375672 930001109 412772199 888804156 -804055397 -171817640 -784532107 540504395 232007657 -343887174 -63099700 -705234707 865260607 383762256 593705127 287840815 -675801982 -257756076 482301713 -539206684 -821933937 69194451 -744104836 
-306633247 367090176 244672858 751934242 -23247186 -253578090 990542588 621090442 388685847 -297954502 -183146563 -189389437 -505292339 521835570 -187723398 624177253 924915118 634161216 -85905559 -965076272 -608477836 704088527 67703293 401261716 302988953 563848005 399941821 -316625322 -925908196 -159193572 354911245 704712758 -358564447 -989180940 -357739871 755687503 870553513 174833980 471819817 959716868 -503464933 -634772436 629707244 142410826 -957623489 -675988391 421513447 938020890 856232246 -314111056 
639626520 964061212 186806163 158390647 -595193921 -789797297 25398252 229327443 374736005 -196409915 278450063 -955748135 -940098774 -204086102 -827853155 292289502 -909634537 -14387716 550270861 597226041 673177724 -703378586 933146939 -615342596 264083992 -783447902 -481854893 423214286 85853055 419388967 -805103399 -68848560 -207796492 896035363 9558102 283019620 965855760 162298614 271338940 281498796 -923808758 -473581582 34291034 -568422017 892307698 -967810018 -356903063 707506984 662509345 848431673 
-374362008 643682458 444342092 656167343 -687136706 -620186194 536358096 -972716240 225274809 679949475 -722196041 -376062033 -76067475 -110057181 920196230 -286140745 532331777 -860536434 -230945645 -281498285 -440269797 286562366 -152871140 -629549669 257678337 924799529 335590017 807814116 -312116275 -601320578 320062699 -189913470 911614088 -917210019 -326108578 360682210 -335710342 145060293 -132032220 818618461 -467666797 930298056 868551309 -877365610 -158942152 803972143 -961711461 451642722 742063935 533371287 
-646810190 373618907 -266264767 -741496197 -915145747 992979169 -981866748 46302515 493818883 122086473 98833512 600523178 -872803803 737822071 -494968815 -32644588 -140569955 -173083723 199774903 930982941 -915988385 943966180 -680857672 -291554623 -387491347 650413991 326011655 37794310 255656419 595095224 613226003 -810551996 -619254509 73265477 -275094728 571003752 -615841760 -667168276 513424676 829021192 948468854 -138691397 -945151962 656136107 983611568 796324511 -605033693 -112093187 -643127034 -570397655 
519954699 -49254504 -256453156 -600640723 -38085935 543912876 -76893733 -157667608 -65194026 369639523 464959187 -272058585 571431478 66811999 915378751 -432944512 529820397 589168408 -51463906 249449557 -524445250 948297952 -532540634 -348698531 -804983169 -6515926 -569786531 222655374 391983143 -437025862 -77217551 932980717 119265273 -906610143 937876985 779188395 -363779587 -307479051 798009180 12793464 -124214793 997082987 -406454679 736209820 -278232321 -32525865 647264424 -14558653 -452707533 -700541828 
325607348 601116313 -288554644 -646437636 102491070 -853184811 -248217090 -847905242 974399126 -60694727 -132323533 847436559 88269999 162958979 -494702282 63160163 -196880152 -787059905 -304350907 264344254 110409205 -971514821 551546418 469062942 -364332417 -223832183 30312979 159692351 352215681 469672416 91075819 -275112830 -503509480 65418001 -369439946 418585202 569855395 135047057 -521835602 909412799 105057722 -518248252 -503227003 -225916470 385384306 -256858213 484342206 848351694 827102874 308371278 
539948503 -140265098 -539191390 -65110993 107318964 -772608112 561993793 -546202601 47652927 -421871011 -749844853 342351116 -918773036 774551065 -766039447 513934965 287445416 -739768360 -997252981 -602671128 993859539 951362319 -637597261 -473648107 595754829 246520607 -383328146 553883293 703683390 956903802 -167488379 -625013148 -450025642 869540689 -125926026 857088500 991376502 549740756 -239436703 737626185 811355273 564567672 275090089 264594162 -792193545 -335537551 963632768 209090150 746187583 129536424 
-790150990 -540281140 -170803492 5371841 -306447057 607908709 314785754 -486626278 -482984115 303309904 254935591 -500199902 209170298 -859105251 -979727296 964028722 -394718959 957688591 -767769766 -672128025 113129561 116885850 881002535 854026697 -446963929 480434223 740397862 -250717115 -954701730 -646789243 -251806587 285957418 -225526422 -144737786 -363709930 -330325622 -756802216 -409497338 -239409029 330034441 921201724 -99856566 -540689887 -506684315 -422800416 -228388800 -945912140 636594759 -786826565 -888617447 
968391103 -955683681 223484519 803179109 962404172 -982786812 -140980117 -973304938 946329994 127239441 627479795 798648155 879975674 47937193 -383916664 -978961450 -819730845 405085650 35495052 827486160 -65079056 -537472632 -484606506 724823351 -893973420 -52447803 852577213 -77528929 870930134 714065801 409384602 -822208848 641999428 935722651 231316003 -754873192 277310380 656734722 980181966 -384425939 140413688 -684133702 -677930249 424820762 -49511960 -81421116 -124587779 -275267270 701357551 -517844186 
-66094664 -814966175 -775545813 -988384580 -437789961 583004256 949036983 -478755460 -308281283 -619619755 92895039 537791401 107639153 141245372 -692926735 109923882 369033301 -931157533 -613601024 -261326399 -781519892 -749853379 336044183 -894620955 415084716 -56277408 -247066776 544910864 -605662284 54725243 -659040826 -687891559 -38996309 652831536 788232348 791982103 384847194 208329391 419795314 -676090622 502237785 -534589571 -507483018 -973623571 -285523106 -741652443 141610701 682061529 -770612845 958819494 
-494773862 -368284809 6671866 477428652 -604772313 445721870 664360849 -137293692 -854722392 -504335216 -786075703 819542475 691790773 -284327841 476662061 -360753402 165687428 528657270 994577084 6331637 -214454927 793888530 299534663 734534892 669487764 -502441946 913112434 298051219 931084934 -374108022 896258944 895113423 -917300610 627402143 -514685294 419043472 -255529146 224859357 226500586 -789543157 -989617692 333658042 -817799458 -372661294 316794399 -747895617 -638776201 89496046 -53994582 -998948283 
-824308659 -746328835 22609589 -241756637 -646459826 -121241467 660138666 -511252482 775483170 260216167 -770444817 240453310 813542037 -705107433 -154529661 -372108177 695612398 550395596 960935609 -392681077 318854025 908540162 244275559 -507523536 669069408 -185189097 109009277 482924227 -753531877 974111369 768473515 331414320 -666257646 -399102133 -417985866 -314556170 325817519 -80124762 766368312 -146698221 300199768 -85346775 415396416 549494905 -423537296 550060132 954383252 148941462 775368035 90622383 
-735491800 -974909127 -912036956 -776292360 -610622185 764371697 600281930 307705918 -267516146 -35043352 328432274 -992320779 23212922 -42985094 -348559518 -849080155 499318833 -958650120 -741372143 -266259358 963700748 702952950 -474595607 -682026676 -885420220 -944551984 929856817 921726823 -382298683 518677683 497334009 -933124381 -793803141 -998066929 -194749991 348706 -841555831 327251509 887196201 -855460028 -953363678 265386126 523644622 472088309 360643581 -153716726 -684577460 314338408 -694260093 519287122 
-423544965 882291637 60329114 -403926645 693865260 -363854193 34615558 -305722040 -749932827 -358099626 603188298 -226151994 -371814473 351353753 610917972 420652989 -70538157 -314885332 672068923 -453703450 597615576 -74104720 -847290174 693930145 502899657 168472346 -291261873 831067494 -442151536 -518358004 560134912 -538616631 -769272478 442167281 -287101013 -319957545 -248579347 -403157963 608366461 729798491 -902312038 211825906 -796133599 -208738801 745849893 874166538 -568691130 621324194 277211568 -658685403 
-346573482 -578432495 345084514 -296468852 156449646 403730297 335104462 243735259 273210272 -240161827 -116960947 660759248 -776071699 971812471 -15886625 -357066544 -346655023 406951126 -642418106 228277763 -669957443 393457048 364868214 995524240 919728519 402240286 33457808 -455795156 -373301455 795030273 325333903 175283910 -341386920 965871254 -338252134 -76976677 937390365 -907390216 -876430113 170126922 220171178 -523058184 19719664 -529423591 584901046 -961188899 -397146025 773671155 -93898618 536545899 
-766415545 -943525287 680464046 453848481 179078851 -5415729 64476786 193230922 -510264251 752062511 620452587 -189872725 -109926344 -484511792 -90208033 -596667728 -959752853 -937685255 -257943241 -258551278 336018486 675948959 735123482 -837047982 108731731 -562567540 724409314 656655786 -193407779 -556871632 -495197040 -768616774 75146183 -138229530 702233295 213309874 -891238594 -155449539 -886743762 881759139 -257823800 -328728462 730685134 772599463 302518720 281647576 967361558 -922552569 -404344679 741774121 
591348730 829013265 -394480348 -940782058 460660639 184330106 -102396517 -114237050 37065849 -774007143 -600522292 778564109 -760940609 -880719466 -573231446 108635295 -997981184 623399052 86785474 -734540973 -888733062 -225258548 185761876 223377928 822576691 227274689 247311481 -164484152 701054200 752442977 -348165466 302472405 465801992 -684232480 -645245862 -901123243 -6561227 -835251487 -479456201 -546765676 72626448 160372962 727795692 958539668 -716377028 -344210878 3816171 874955460 777572450 -787315440 
394267352 -956173136 30324787 291309064 -512934450 518376514 -628609575 364504162 -85013061 143148829 261325225 -383097474 845655309 589985444 -583286378 -848575316 71537142 -623733961 -469913483 -413707428 967601645 849950719 -724184769 609602737 -31396924 507204849 -544408966 -985163815 -965556578 -609921327 -857266109 191007260 -715966209 414601670 -760671316 -978526365 377504620 431376755 -728823186 975689765 -947744990 -234361813 -432947368 -923853052 963363421 -115265196 867692408 -741468126 -249239968 -332238623 
451124770 517524535 -247680514 -332083816 815046632 441042555 652578157 -696094718 84821879 -283957428 691891046 199067346 15738294 -532044195 -877919679 -569789850 456110517 -844830351 371114775 -541949203 155366429 -223431229 -853727488 -536990390 -286513970 76223737 464747274 772109656 -521490912 615511671 115621420 -862318230 24853748 -710633254 103160950 -340068761 171837774 -396279733 -794932153 -496790235 -968711675 -165631509 398249554 -235535434 -44190117 702852655 485864454 920827459 25509495 -77787273 
-577987881 606663486 533786201 32042775 78975866 137517214 -969991624 642247951 466688119 462758380 648098978 646568451 -596694638 17178997 -975057228 -871631734 -908689660 140611342 -356186752 316813487 -272772258 128727576 952318923 248410614 -642819132 -90499182 946211516 909457239 -593373401 -867926672 -183786104 2232605 -94179061 173088400 -550118647 -46836357 -802611461 486425442 -643708103 59382590 -216530441 -48456746 746703191 249695970 272770430 864938965 566989334 -905098406 986662558 -368389496 
428859610 491854379 13273979 -982549646 -710741998 -389445523 204347835 469129509 400163814 48327351 -771733733 59124858 -118443003 -809064993 43250101 443678609 -24865864 515019235 294622920 -904202677 395981499 -934725345 303430443 -723430939 -713645380 517976730 -686520210 615890487 88685086 -898415281 -175485487 -573533862 -107280159 871892379 578738003 823719760 128368742 -24908304 -156745442 284452768 227945794 -325819026 684778300 371627782 -181289892 490680900 213495370 259036756 150163950 250822850 
-644029118 -657826597 61932701 239590509 648229549 717177975 41504255 1887572 655393202 -878765309 -508573068 -276051527 -370051714 619173387 330538964 992792671 621343197 885584978 553481135 -539731266 -947950845 -53762565 69157765 687017568 -134021057 18368543 -431519977 547033689 -124400777 935268089 95017922 -875103548 789721560 969912286 684840119 -582509656 -51232230 -47395373 -955332767 65087564 259136803 -834375991 860474754 -797672024 -412983860 346233254 845194654 -826320812 -146077441 -556739245 
229272064 -513102805 -179948407 300916348 415094901 -871670269 -929608592 -970724692 727941165 218356935 682439338 -554388434 84963751 846411000 45707468 -556148141 467976252 909297060 590399267 380614350 -801932595 -478022047 -342782573 640010469 306133554 896731496 785788188 806891394 -436230623 775541954 783738755 409571408 -147667223 -75540913 753332673 -751330485 -97122574 -734259196 -184357344 -62522775 -890072595 -808854731 -335562498 963583105 -65328482 512926472 772675491 -583218740 -972937310 40193976 
333050860 -62055268 24708318 -446975749 -806329333 951904086 -642570147 886361705 652710011 -740051001 95257768 -212099948 -119033858 338546293 251115746 79709261 -443059459 -418730258 240065053 -669868910 868146673 340476926 -359520827 -303229630 -350941412 65803660 530770004 -936294292 -751544912 857799735 816665673 -550822652 938848401 59079219 -122310870 381796057 522087465 -588135737 480256733 358476314 14234757 189377257 847775361 864136542 -739413591 -118640820 -430336914 -331520400 881748447 -803730572 
-577250451 -756224638 918277085 820023074 960614882 -922926181 -268082661 76918995 -487621399 -640546146 828394620 353801135 -560860203 -592730367 991029126 139316206 -23163624 566969883 -908447587 168882257 -140773005 -642463973 -917792744 -919230568 466751650 613455298 637238065 -654186951 436696497 202113438 -266454427 724624190 -20524560 810217011 63024095 -571223800 340897339 -135358383 961749431 -770300219 30229635 -851218425 870649579 -10945748 412137648 -90001414 180476726 -122081587 240611252 671791456 
91708870 507913952 -335426978 210853892 200672651 83148541 169635052 981091706 373978692 -448307289 -80621685 -919526958 404364470 -739146399 931171219 443313424 451369309 -79519760 -367611235 -546977015 135342254 -720086256 -864794593 429201275 458486144 63473356 -509908993 876378529 -713101834 -302634275 -131240836 841683946 174596984 576018146 780870744 612215652 763392736 255997163 -438895356 996365894 294072937 -48234634 762546409 869661882 -608411460 -169580620 105693711 -850642599 -864622497 365903150 
-887318783 771977046 -162461492 778230131 976662643 292950383 696519363 -483575716 968320498 135921003 481935069 -558267397 133139898 9116422 -225646915 -133116194 907117141 876957933 -359461081 -442184186 -171186146 122168999 -898478 -503036228 864486583 -733851564 954901881 -978473780 960121525 -72764445 -194213790 -88712968 310371977 -627164515 -857629249 -131985513 -209627399 898817862 352628600 26448299 -197585700 -103627900 -633641095 -950766152 507673044 529535831 -265285242 -386158868 21368749 245182577 
-464408187 -31056482 15120612 533072898 604086135 35823869 322336393 -730125114 600381552 -499322512 -473860209 -165681633 -247962158 -709420091 784968563 188445208 289856357 -983359469 888855675 25378927 -435270789 -441396273 502895262 724393517 80029414 78332005 374972536 -135070579 495378787 -767110895 -923512497 -244496862 -65021385 -81694866 -874982859 -923745282 -105677754 -626630971 -299266266 -809865258 992915926 861937414 637985287 993193083 -611549947 -366578425 -995816062 -278499464 -816805053 171347658 
52569191 948611056 269564808 -132176514 695240779 587847118 -179735334 -501812456 832793431 -415745612 116917471 -223216798 850116919 -694266817 381757602 101886457 616600728 -756929543 262047071 286684803 288225424 -109800863 -1816456 -704694397 872318954 -205516844 4280194 -179795467 -959060294 300454815 -454831267 -320093568 345382578 206542851 25888930 -786286965 -49775530 739675784 7768599 -589544096 824832774 -7080461 71918015 155390541 72940870 72716400 -579704577 902515964 168462934 950758667 
383991103 467229184 106686258 -673408911 -963865687 190301361 370152942 544753882 785558341 331097077 524082693 -145008990 178661685 533358418 563808128 -960289867 -65443639 -350608525 389316701 -230838445 964019500 -727605530 779011838 -661904189 -575265537 -972571218 -376146785 -820888830 349092200 764503999 -205343474 -641253348 -538524244 -63373565 -14607481 -310051598 65727100 967855584 -916703863 -237044764 680482079 217954039 -334540092 -743203675 -408516122 623773875 -248798808 -526452438 -865657657 -5483491 
-823836788 258823189 324123701 -317096576 -972837103 -539554890 -541916250 821078445 -368688696 -728405035 286035201 191366824 479287837 -289956609 530924549 183552980 -660332340 -24658806 -459594448 944618646 364699860 404235271 -947714211 682322420 -417902648 -425993577 -495786883 46473848 -432463861 -741853786 691436251 84493157 930502140 -200061696 -429606011 -674086657 -315265403 -217942000 229938069 326128131 687529471 -354592333 -76698485 -622493630 256486269 -336663918 626276240 504314401 288787056 -241135724 
-669505215 453478585 -269459408 -488399748 397694023 -592859453 189954125 -173197723 262013168 269361407 -627327632 -603602001 -668972510 205064854 -50461527 -72706267 298076884 417650688 -441698361 794920722 -213334210 -586731902 84036150 -449631554 -436927039 239671469 516823475 -974069232 -946168001 986410166 -722804632 92778792 -893853146 667246145 -539486735 -548215060 970117790 -475599473 369817386 646635484 48911148 -768757565 563581052 990287610 -836657898 -120287307 -373984477 134031148 237556470 414765421 
970407892 -114345639 -138812037 647021228 765647067 186791384 -659474001 595353256 -919953368 -979865385 566118983 -33173875 436709588 -658070605 521724397 -522545058 -181208196 923259458 -411769051 -640877123 -8254747 -454376402 -661190477 464206461 -544177882 254240729 973936279 -275774984 281258709 -78959532 -773756403 522500238 -288997565 -375975690 -868345372 -319867398 -175792394 -653186957 -743030032 794040379 467597752 97290717 -308459948 382438664 -524026639 -68305365 791984880 -706308438 -369230526 -913805120 
841990192 -448112673 108378124 474483086 -884500242 -484606479 990181180 443262092 -192255207 -33904240 708807485 -192460800 -705784491 -208272465 -55097866 -576285605 129336567 997541040 -386308524 -282673709 -584285420 -597913494 -523280332 -753308970 -983061459 -454069624 891834568 487261823 708396076 -885882675 596693067 483592959 432359479 -812824113 501713549 -427126017 563359306 305671313 -274692999 177121455 780684991 -147992123 187751727 732310525 -594052235 -614130063 -330719064 -13153273 -963895988 106298282 
-894364898 901951982 -44089950 971352944 133551964 -518057912 -165802546 759308268 922689198 836120539 -331007474 196477158 -544665454 -482828552 -852799923 -31069325 764696719 879398319 754050334 293098249 271391612 937644531 116462641 305321908 -786116902 -426993370 555017621 318758284 -335972967 -798773165 38976556 20047188 295413235 -327842497 -792149432 -764652836 -393849839 -731209902 765390664 279743173 -647038419 -390259702 743612343 -468000501 -248910117 328728494 284593988 971156254 39019844 -121881059 
-278802750 -337875970 703293501 -187449552 775749471 171664224 425559303 -557697858 -724659856 364354078 -488704375 103831821 -208378775 641648084 890147178 -150870650 -558392250 -724315297 -878587836 243735972 -303284165 -975575946 551218024 100902658 -919855070 -58951002 593400303 92113421 -138885256 437412001 364744311 -618582625 767852007 970536206 382046665 -63486633 248739157 -687740419 857772878 832082369 689230131 -267009261 863309012 776683410 132164854 843180535 415977237 35756724 -395101033 984441098 
427186380 -21607905 424580560 -963011586 -184502857 435965502 73930338 -510771842 53554150 -247792226 823520522 -185026898 -499771785 516627206 154938479 963266812 970784763 -785813007 567911259 -576022588 267790456 193067936 -565077726 -154592762 -904837385 -576938316 497751031 -224632482 929982743 -40790693 762510585 -327380008 596122256 150770954 -821868734 102999418 781397585 -160712369 448020503 -850848966 -407890632 964598577 -628319591 -868127112 -443869993 -3999068 752976230 118518892 948107125 371176422 
-44993995 -185495100 876684696 126178103 83541912 -449904058 -341212800 453801395 927661274 -982192071 406483701 72565831 574132376 150494265 809307535 200863092 156111991 326694615 -509831325 -301632324 622263890 703907138 -558665422 172346738 578486172 208725944 794016962 150971377 -730245077 -771190005 -259094431 -371916140 729574303 978508619 -30554382 733301424 -620140843 -896246118 791156590 250218161 -345799626 713539257 -451693222 899299633 -79415869 464672745 -925050186 77467687 -239504221 671274254 
508238682 -957779079 -951625199 227980036 329478356 -968958040 -326773039 889949694 -446275433 -34934191 -370307312 453433369 992399200 -491476346 382699994 -364911415 -935606693 973738835 281452884 -502700851 -96927843 415651888 687115810 585823221 -469482240 789721881 128201751 214934661 -402089339 825054083 -798242151 47586132 384700174 -743937742 -535526448 347532559 -976924081 823574911 -724940396 14307319 552772158 -118117475 -274245702 963872831 156949477 -791883430 -634360218 270429133 -758770966 36789025 
-460607814 -689667385 -761878117 -752849920 219636025 207901053 475451468 -42687395 -150578959 -506550878 -437689265 -286032921 117371357 -406506824 -350383272 -657507911 -460772194 -928718288 815130684 958647970 -191137513 297946121 824759859 231834610 513327625 237945756 38049581 -49677868 -880467978 148892758 -33527153 -359538930 263242438 -874971076 -282369011 586748664 75647215 -243099393 336033468 71554176 -653985874 -265270641 912405299 61881749 195851544 -352198297 744139179 757328171 880390155 50936947 
657393763 89673702 -448088881 -262283789 -420660226 -655260144 -305156689 -110454819 -204480080 -50640167 -373664399 -689965783 -964951336 -32377563 129331155 568662001 -999242100 802299857 14605962 -787734052 -792362818 287456715 -74355288 581739157 -51309523 791306530 -433646013 447221868 -349107698 869697265 -485228616 -509229037 295255568 926587081 775052332 -660264879 252259716 -266803571 -900131875 936336761 -614595054 745692608 423512262 -832819669 -353610601 145887061 -51370819 861205249 -211042043 -16372602 
845494693 -408540682 775633780 -298024221 -635428503 605828865 -905501782 -766137346 837757986 401542539 -345036573 836250059 638455308 -628059240 -270322252 566139552 441343907 848053681 939652628 144751722 -666095307 -732895951 -292229773 -270183198 -384638296 -379472042 597558567 -62384580 -349926735 -97564830 -514409099 -87992220 670018999 -580188299 773496572 -522788047 -984141147 714661056 23787631 -248124094 996599020 -399678804 701826506 943156044 -695984561 432134779 900097421 -570911071 502241080 -124902803 
-337332905 -697681604 -924000347 657216075 -665249566 -783787976 -964268546 -22554529 -23245519 391093168 969040032 266518683 -71787747 -821859279 -743439600 -29480392 323359527 970464987 894582572 530437190 -71298601 -930901695 -867444067 -928422592 179593791 -859875024 831472451 -916439619 26456851 -876223364 694647882 -621912449 876569758 -354424493 57636057 238309535 380371169 572689021 -789577859 -489200993 427544828 -546215558 555275304 103839760 944831751 780201943 -166868457 -858479363 772313575 779778757 
-704316157 -741858448 351751321 279556514 -92076658 -508661075 -388421872 152972995 508758397 -757484320 672732128 982333141 547621662 180283655 94938583 -466923090 -460149519 961675993 729235174 601677347 935775216 -544851405 776294591 -182198443 -501663100 202441987 492865258 711753561 233453806 -621159688 -72641547 770726613 804390570 -269707919 491577758 408986578 663543117 497851287 337792102 481481022 327234720 285248436 516327046 -782005961 -471980996 605300784 736847846 943329743 732017152 516167177 
41214224 -682590192 745201957 -590644724 316756350 972518583 -604878037 -666799749 -462350090 116736556 636620805 784620180 -122172565 745260787 926063528 -164371254 843752499 -541367335 -31905204 -624328764 620067623 -253044693 627855953 -101000113 -596641307 -397123373 612396815 744506800 -603259719 -184452741 -395825434 122639750 -64127460 -102105242 -328220783 26690560 -775035379 -904097470 -129722235 489174246 20282238 -733691605 -324228679 330318134 -630049024 577523651 -895172289 145586789 -218101940 961177072 
-859991539 -78336391 -468821050 -505145533 487077517 229930580 -145595901 -566848969 -277318756 819970408 -31115901 716480216 881045054 -469260780 -453382703 386878404 -380653518 658983352 -643338743 718264923 936037743 -514303121 764129783 -561185029 -856289120 -365850505 198078126 911756874 527314149 987864734 44546831 -937402791 29970707 -744460297 654168226 182247772 -471810635 -656929432 489070047 -964667127 933680040 -734683428 -35130681 -567469810 729100494 264277877 752513916 -476665620 -309126542 719161499 
16193207 -966521652 -5876049 -330425356 -144439429 239737133 -927484854 908551329 -588124584 -171395073 474422363 -999016288 -698960332 158718346 260840774 -913822385 -28713472 -587464098 -219216403 -59391753 -269158553 -596363741 642518805 693120751 487759141 830371466 676153689 764383124 388795224 -777070941 330869888 -38466439 725804901 562461407 677150248 -206455150 -834955459 744476514 -237078952 -531661427 462568345 -195518422 400140588 -790758523 -387315182 -218283086 -992738686 -316663132 -569080698 -93263175 
