7 12 2 8 3 13 9 14 31 20 10 16 11 21 1 22 39 28 18 24 19 29 17 30 15 36 26 32 27 37 25 38 47 44 34 40 35 45 33 46 23 4 42 48 43 53 41 6 55 52 50 56 51 5 49 54 63 60 58 64 59 61 57 62
55 4 10 16 11 5 49 62 15 28 58 64 59 61 9 6 23 44 2 8 3 13 25 22 63 12 18 24 19 29 57 30 31 20 26 32 27 37 1 38 7 52 34 40 35 45 17 14 39 60 42 48 43 21 33 46 47 36 50 56 51 53 41 54
15 52 18 24 19 21 1 6 55 36 2 8 3 45 17 54 7 4 50 56 51 53 33 62 47 60 58 64 59 61 9 14 23 28 10 16 11 5 41 30 63 12 26 32 27 13 49 22 31 20 34 40 35 29 57 38 39 44 42 48 43 37 25 46
23 28 26 32 27 29 17 22 7 44 18 24 19 5 25 46 55 36 42 48 43 45 41 38 31 4 34 40 35 53 33 62 63 60 58 64 59 61 57 54 39 20 50 56 51 21 9 30 47 12 2 8 3 37 1 6 15 52 10 16 11 13 49 14
31 20 34 40 35 37 33 30 63 12 26 32 27 53 57 38 15 60 10 16 11 5 9 14 23 52 42 48 43 13 41 54 39 36 50 56 51 21 49 22 47 28 58 64 59 61 1 46 7 44 18 24 19 45 25 62 55 4 2 8 3 29 17 6
39 60 42 48 43 45 41 38 23 52 34 40 35 13 33 62 47 12 26 32 27 61 49 6 7 44 50 56 51 5 1 46 15 4 2 8 3 29 25 14 55 36 10 16 11 37 57 54 63 28 58 64 59 53 17 22 31 20 18 24 19 21 9 30
47 44 50 56 51 61 25 46 39 4 42 48 43 29 41 14 63 20 58 64 59 37 57 54 55 28 10 16 11 21 49 6 7 52 18 24 19 53 17 62 31 60 2 8 3 5 33 38 15 36 26 32 27 13 9 30 23 12 34 40 35 45 1 22
63 36 58 64 59 53 57 54 47 60 50 56 51 37 49 30 31 52 34 40 35 21 1 46 39 20 2 8 3 45 17 22 55 12 42 48 43 13 9 6 15 44 18 24 19 29 25 62 23 4 10 16 11 61 41 14 7 28 26 32 27 5 33 38
1 6 12 10 13 15 3 8 9 14 4 18 21 23 11 16 17 22 20 26 29 31 19 24 25 30 28 34 37 39 27 32 33 38 36 42 45 47 35 40 41 46 44 50 53 55 43 48 49 54 52 58 5 7 51 56 57 62 60 2 61 63 59 64
9 14 60 58 61 7 11 16 57 62 12 2 5 63 59 64 1 6 4 18 21 15 3 8 17 22 20 26 29 31 19 24 25 30 28 34 37 39 27 32 33 38 36 42 45 47 35 40 41 46 44 50 13 23 43 48 49 54 52 10 53 55 51 56
17 22 4 2 5 23 19 24 1 6 20 42 61 39 3 8 49 54 52 50 13 7 51 56 57 62 60 58 21 15 59 64 9 14 12 10 29 31 11 16 25 30 28 18 37 63 27 32 33 38 36 34 53 55 35 40 41 46 44 26 45 47 43 48
25 30 20 18 29 39 27 32 17 22 28 10 37 47 19 24 41 46 44 58 45 23 43 48 33 38 36 42 61 55 35 40 57 62 60 50 53 63 59 64 49 54 52 2 5 7 51 56 1 6 4 26 21 31 3 8 9 14 12 34 13 15 11 16
33 38 28 26 45 31 35 40 25 30 52 58 13 15 27 32 9 14 36 10 61 47 11 16 41 46 12 50 53 63 43 48 49 54 44 18 5 55 51 56 57 62 20 34 21 23 59 64 17 22 60 2 29 39 19 24 1 6 4 42 37 7 3 8
41 46 44 34 21 63 43 48 33 38 36 26 53 7 35 40 25 30 60 42 5 55 27 32 49 54 4 10 45 47 51 56 1 6 52 2 13 23 3 8 9 14 12 58 61 31 11 16 57 62 20 18 37 15 59 64 17 22 28 50 29 39 19 24
49 54 36 42 37 55 51 56 41 46 44 50 29 31 43 48 57 62 12 34 53 63 59 64 9 14 52 2 5 7 11 16 17 22 4 58 61 15 19 24 1 6 60 26 13 39 3 8 25 30 28 10 45 47 27 32 33 38 20 18 21 23 35 40
57 62 52 50 53 47 59 64 49 54 60 34 45 55 51 56 33 38 28 2 37 39 35 40 1 6 44 18 13 23 3 8 41 46 20 26 21 7 43 48 17 22 4 10 29 15 19 24 9 14 12 42 61 63 11 16 25 30 36 58 5 31 27 32
3 8 14 12 7 1 61 10 11 24 22 20 15 9 5 18 19 32 30 28 23 17 13 26 27 40 38 36 31 25 21 2 35 16 46 4 39 33 29 34 43 48 54 44 47 41 45 42 51 56 62 52 55 49 53 50 59 64 6 60 63 57 37 58
11 16 62 60 15 9 5 2 59 64 6 4 63 57 37 10 3 8 22 20 7 1 21 58 19 32 30 28 23 17 45 26 27 24 38 12 31 25 13 18 35 40 46 36 39 33 29 34 43 48 54 44 47 41 61 42 51 56 14 52 55 49 53 50
19 24 6 4 23 17 13 50 3 48 46 44 7 1 21 58 51 56 54 52 55 49 37 2 59 64 62 60 63 57 53 10 11 32 14 28 15 9 61 26 27 8 22 12 31 25 5 18 35 16 38 20 39 33 29 34 43 40 30 36 47 41 45 42
27 32 22 20 31 25 21 26 19 8 14 12 23 17 45 34 43 40 62 44 47 41 61 42 35 16 46 52 39 33 37 18 59 56 54 36 63 57 5 58 51 64 6 4 55 49 53 50 3 24 30 60 7 1 13 2 11 48 38 28 15 9 29 10
35 56 30 28 39 41 29 18 27 40 62 52 31 25 13 42 11 48 14 12 15 33 45 10 43 24 54 20 47 9 5 34 51 8 22 44 55 49 53 50 59 32 38 60 63 17 37 58 19 64 6 36 23 57 21 26 3 16 46 4 7 1 61 2
43 48 38 44 47 33 37 34 35 16 30 60 39 41 53 50 27 64 46 36 31 57 29 18 51 8 14 4 55 49 61 42 3 40 6 20 7 1 21 2 11 56 62 52 15 9 13 10 59 32 22 28 63 17 45 58 19 24 54 12 23 25 5 26
51 64 46 36 55 49 45 58 43 32 54 28 47 33 29 2 59 16 38 60 63 9 53 34 11 56 6 12 15 1 13 50 19 48 62 52 23 41 37 42 3 24 30 20 7 57 61 26 27 40 14 4 31 25 5 10 35 8 22 44 39 17 21 18
59 40 54 52 63 57 53 42 51 56 38 36 55 49 61 26 35 24 6 4 39 25 5 50 3 48 22 44 7 41 29 58 43 64 30 60 47 17 45 10 19 16 14 28 23 1 21 2 11 8 46 12 15 9 37 18 27 32 62 20 31 33 13 34
8 13 3 1 4 6 2 23 16 5 11 9 12 14 10 7 24 21 51 17 20 22 18 15 32 29 19 25 28 30 26 31 40 37 27 33 36 38 34 39 48 45 35 41 44 46 42 47 56 53 43 49 52 54 50 55 64 61 59 57 60 62 58 63
16 61 11 9 12 14 10 31 64 13 51 57 60 62 58 15 8 5 3 1 4 6 2 55 24 21 27 17 20 22 18 63 32 29 59 25 28 30 26 7 40 37 19 33 36 38 34 23 48 45 35 41 44 46 42 39 56 53 43 49 52 54 50 47
24 5 19 17 20 22 18 39 8 21 3 1 4 6 2 23 56 53 43 49 52 54 50 7 64 61 51 57 60 62 58 15 16 13 11 9 12 14 10 47 32 29 59 25 28 30 26 55 40 37 27 33 36 38 34 63 48 45 35 41 44 46 42 31
32 21 27 25 28 30 26 47 24 37 19 17 20 22 18 31 48 29 11 41 44 46 42 23 40 45 35 33 36 38 34 39 64 53 51 57 60 62 58 63 56 61 43 49 52 54 50 15 8 13 59 1 4 6 2 7 16 5 3 9 12 14 10 55
40 37 35 33 36 38 34 55 32 29 27 25 28 30 26 39 16 45 19 9 12 14 10 47 48 5 59 41 44 46 42 7 56 21 43 49 52 54 50 23 64 53 3 57 60 62 58 63 24 61 51 17 20 22 18 31 8 13 11 1 4 6 2 15
48 29 43 41 44 46 42 63 40 45 35 33 36 38 34 47 32 61 59 25 28 30 26 31 56 53 3 49 52 54 50 23 8 5 19 1 4 6 2 55 16 13 27 9 12 14 10 39 64 21 11 57 60 62 58 15 24 37 51 17 20 22 18 7
56 45 51 49 52 54 50 15 48 53 59 41 44 46 42 63 64 13 27 57 60 62 58 39 16 37 43 9 12 14 10 55 24 61 35 17 20 22 18 31 8 5 11 1 4 6 2 7 32 29 3 25 28 30 26 47 40 21 19 33 36 38 34 23
64 53 59 57 60 62 58 7 56 61 43 49 52 54 50 55 40 37 35 33 36 38 34 63 8 13 11 1 4 6 2 47 48 45 3 41 44 46 42 15 24 21 51 17 20 22 18 31 16 5 19 9 12 14 10 23 32 29 27 25 28 30 26 39
2 7 5 43 14 8 4 9 10 15 13 3 6 16 12 17 18 23 21 11 22 24 20 25 26 31 29 19 38 32 28 33 34 39 37 27 30 40 36 41 42 47 45 35 46 48 44 49 50 55 53 51 54 56 52 1 58 63 61 59 62 64 60 57
10 15 13 59 62 16 12 1 58 63 61 11 14 64 60 57 2 7 5 43 6 8 4 9 18 23 21 3 22 24 20 25 26 31 29 19 38 32 28 33 34 39 37 27 30 40 36 41 42 47 45 35 46 48 44 17 50 55 53 51 54 56 52 49
18 23 21 51 6 24 20 17 2 7 5 43 22 8 4 41 50 55 53 59 54 56 52 49 58 63 61 11 62 64 60 57 10 15 13 3 14 16 12 1 26 31 29 19 38 32 28 9 34 39 37 27 30 40 36 25 42 47 45 35 46 48 44 33
26 31 29 11 22 32 28 25 18 23 21 35 38 24 20 1 42 47 45 19 46 48 44 41 34 39 37 27 30 40 36 49 58 63 61 43 62 64 60 57 50 55 53 51 54 56 52 17 2 7 5 59 6 8 4 33 10 15 13 3 14 16 12 9
34 39 37 27 38 40 36 33 26 31 29 51 30 32 28 49 10 15 13 35 14 16 12 1 42 47 45 43 46 48 44 9 50 55 53 59 54 56 52 17 58 63 61 3 62 64 60 57 18 23 21 11 22 24 20 41 2 7 5 19 6 8 4 25
42 47 45 19 30 48 44 41 34 39 37 27 46 40 36 9 26 31 29 51 38 32 28 57 50 55 53 59 54 56 52 1 2 7 5 35 6 8 4 25 10 15 13 43 14 16 12 33 58 63 61 3 62 64 60 49 18 23 21 11 22 24 20 17
50 55 53 35 46 56 52 57 42 47 45 19 54 48 44 25 58 63 61 3 62 64 60 33 10 15 13 51 14 16 12 17 18 23 21 11 22 24 20 49 2 7 5 59 6 8 4 1 26 31 29 43 38 32 28 9 34 39 37 27 30 40 36 41
58 63 61 3 54 64 60 49 50 55 53 59 62 56 52 33 34 39 37 27 30 40 36 17 2 7 5 35 6 8 4 41 42 47 45 51 46 48 44 9 18 23 21 11 22 24 20 25 10 15 13 19 14 16 12 57 26 31 29 43 38 32 28 1
13 2 16 14 1 3 7 4 21 10 24 22 9 11 15 20 5 18 32 6 17 59 23 28 29 26 40 30 25 19 31 36 37 34 8 38 33 27 39 44 45 42 48 46 41 35 47 12 53 50 56 54 49 43 55 52 61 58 64 62 57 51 63 60
61 10 64 6 9 11 15 60 5 58 8 62 57 51 63 12 13 2 24 22 1 3 7 20 21 18 32 14 17 27 23 28 29 26 16 30 25 59 31 36 37 34 40 38 33 19 39 4 45 42 48 46 41 35 47 44 53 50 56 54 49 43 55 52
5 18 56 22 17 19 23 12 53 2 16 46 1 3 7 52 21 50 8 30 49 43 55 60 61 58 24 54 57 51 63 4 13 10 64 62 9 11 15 28 29 26 32 6 25 59 31 20 37 34 40 14 33 27 39 36 45 42 48 38 41 35 47 44
21 26 8 46 25 27 31 20 45 18 48 6 17 19 23 44 29 42 56 14 41 11 47 36 37 34 64 62 33 35 39 60 61 58 24 22 57 51 63 52 53 50 16 54 49 43 55 28 5 2 32 38 1 59 7 4 13 10 40 30 9 3 15 12
29 34 24 30 33 35 39 28 13 26 40 14 25 27 31 4 37 10 48 38 9 19 15 44 45 42 16 6 41 43 47 52 53 50 32 54 49 3 55 12 61 58 56 22 57 11 63 36 21 18 64 62 17 51 23 60 5 2 8 46 1 59 7 20
37 42 32 38 41 43 47 36 29 34 56 54 33 35 39 28 45 26 16 46 25 27 31 52 53 50 48 22 49 59 55 12 5 2 40 6 1 19 7 60 13 10 64 62 9 51 15 44 61 58 8 30 57 3 63 20 21 18 24 14 17 11 23 4
45 50 40 62 49 51 55 44 61 42 32 30 41 59 47 60 53 58 64 54 57 35 63 12 13 10 56 38 9 3 15 20 21 18 48 46 17 43 23 4 5 2 8 14 1 27 7 52 29 26 24 6 25 11 31 28 37 34 16 22 33 19 39 36
53 58 48 54 57 59 63 52 37 50 64 38 49 43 55 36 61 34 40 62 33 51 39 4 5 2 8 46 1 11 7 44 45 42 56 14 41 35 47 20 21 18 24 30 17 3 23 60 13 10 16 22 9 19 15 12 29 26 32 6 25 27 31 28
12 9 7 5 8 2 6 3 20 1 15 13 16 10 14 11 4 17 31 21 24 18 22 19 28 25 55 29 32 26 30 27 36 33 63 37 40 34 38 35 44 41 23 45 48 42 46 43 52 49 39 53 56 50 54 51 60 57 47 61 64 58 62 59
60 57 15 13 16 18 14 11 4 9 31 61 64 50 62 59 12 1 63 5 8 58 6 3 20 17 47 21 24 2 22 19 28 25 55 29 32 26 30 27 36 33 7 37 40 34 38 35 44 41 23 45 48 42 46 43 52 49 39 53 56 10 54 51
4 1 31 21 24 26 22 19 52 17 23 5 8 2 6 3 20 49 47 53 56 42 54 51 60 57 39 61 64 50 62 59 12 9 7 13 16 58 14 11 28 25 55 29 32 10 30 27 36 33 63 37 40 34 38 35 44 41 15 45 48 18 46 43
20 17 23 29 32 10 30 27 44 41 39 21 24 34 22 19 28 57 55 45 48 26 46 43 36 49 15 37 40 58 38 35 60 1 31 61 64 42 62 59 52 9 63 53 56 50 54 51 4 25 47 5 8 18 6 3 12 33 7 13 16 2 14 11
28 33 63 37 40 34 38 35 12 25 47 29 32 42 30 27 36 9 39 13 16 10 14 11 44 1 7 45 48 18 46 43 52 41 23 53 56 50 54 51 60 49 15 61 64 2 62 59 20 57 31 21 24 58 22 19 4 17 55 5 8 26 6 3
36 41 39 45 48 42 46 43 28 33 55 37 40 18 38 35 52 25 7 29 32 50 30 27 4 9 63 53 56 10 54 51 44 49 47 5 8 2 6 3 12 57 31 13 16 58 14 11 60 17 15 61 64 26 62 59 20 1 23 21 24 34 22 19
52 25 47 53 56 50 54 51 60 49 7 45 48 58 46 43 44 33 23 61 64 2 62 59 12 41 31 13 16 34 14 11 4 57 15 21 24 18 22 19 20 17 39 5 8 26 6 3 28 1 55 29 32 10 30 27 36 9 63 37 40 42 38 35
44 49 55 61 64 58 62 59 36 57 63 53 56 26 54 51 60 41 15 37 40 34 38 35 52 33 23 5 8 42 6 3 20 17 39 45 48 10 46 43 4 1 47 21 24 18 22 19 12 9 7 13 16 2 14 11 28 25 31 29 32 50 30 27
6 11 1 7 2 12 16 5 14 19 9 15 10 20 24 13 22 27 17 23 18 28 32 21 30 35 25 31 34 4 8 29 38 3 33 39 42 36 40 37 46 43 41 47 50 44 48 45 54 51 49 55 26 52 56 53 62 59 57 63 58 60 64 61
14 3 9 15 10 60 64 13 62 59 57 63 50 4 8 61 6 11 1 7 2 20 24 5 22 27 17 23 18 12 16 21 30 19 25 31 26 28 32 29 38 35 33 39 34 36 40 37 46 43 41 47 58 44 48 45 54 51 49 55 42 52 56 53
22 19 17 23 18 4 8 21 6 43 1 7 2 52 56 5 54 51 49 55 50 60 64 53 62 59 57 63 58 20 24 61 14 27 9 15 10 12 16 13 30 3 25 31 26 28 32 29 38 11 33 39 42 36 40 37 46 35 41 47 34 44 48 45
30 27 25 31 26 20 24 29 22 3 17 23 18 44 48 21 46 43 41 47 34 36 40 45 38 51 33 39 10 28 32 37 62 35 57 63 58 60 64 61 54 59 49 55 42 52 56 53 6 19 1 7 50 4 8 5 14 11 9 15 2 12 16 13
38 51 33 39 34 28 32 37 30 27 25 31 26 12 16 29 14 35 9 15 42 44 48 13 46 3 41 47 2 36 40 45 54 11 49 55 18 52 56 53 62 19 57 63 58 60 64 61 22 59 17 23 10 20 24 21 6 43 1 7 50 4 8 5
46 35 41 47 42 36 40 45 38 11 33 39 34 28 32 37 30 59 25 31 58 52 56 29 54 19 49 55 26 44 48 53 6 43 1 7 50 4 8 5 14 51 9 15 10 12 16 13 62 3 57 63 2 60 64 61 22 27 17 23 18 20 24 21
54 59 49 55 50 52 48 53 46 35 41 47 58 36 64 45 62 3 57 63 10 4 16 61 14 43 9 15 42 60 56 13 22 51 17 23 2 44 24 21 6 11 1 7 18 20 8 5 30 27 25 31 34 12 32 29 38 19 33 39 26 28 40 37
62 43 57 63 58 44 56 61 54 51 49 55 42 60 40 53 38 19 33 39 26 12 8 37 6 11 1 7 50 52 64 5 46 59 41 47 34 20 48 45 22 27 17 23 2 4 24 21 14 35 9 15 18 28 16 13 30 3 25 31 10 36 32 29