136 144 139 2 82 68 35 3 137 21 18 1 28 96 31 38 22 140 71 39 29 57 30 37 112 72 115 122 118 116 83 123 113 117 114 121 100 108 103 110 142 104 107 111 101 105 102 109 4 12 7 14 10 8 11 15 5 69 6 13 16 132 127 134 130 128 131 135 125 129 126 133 52 24 19 26 46 20 23 27 17 33 90 25 88 120 91 74 94 92 95 99 89 93 138 97 64 60 55 62 58 56 59 63 53 45 54 61 76 84 79 86 106 44 119 87 77 81 78 85 40 48 43 50 34 80 47 51 41 9 42 49 124 36 67 98 70 32 143 75 65 141 66 73
16 24 31 26 118 20 23 27 5 57 138 25 52 120 19 62 58 56 59 63 53 105 54 61 100 144 55 98 142 140 143 3 137 45 18 1 124 132 127 134 94 128 131 135 125 129 126 133 28 36 139 38 34 32 35 39 29 33 30 37 4 12 7 14 10 8 11 15 17 9 6 13 136 48 43 50 22 44 47 51 41 21 42 49 112 60 115 122 130 116 119 123 113 117 114 121 76 84 79 86 82 80 83 87 77 81 78 85 40 108 103 110 46 104 107 111 101 141 102 109 64 72 67 2 70 68 71 75 65 69 66 73 88 96 91 74 106 92 95 99 89 93 90 97
4 12 55 14 58 8 11 15 77 9 6 133 40 132 43 50 46 44 35 51 5 45 42 49 124 84 127 134 130 128 119 135 125 33 126 13 112 120 115 122 118 116 95 123 113 117 114 1 16 24 19 26 22 20 47 27 17 21 18 25 136 48 31 2 142 140 83 3 137 141 138 121 28 36 7 38 34 32 131 39 29 129 30 37 100 108 103 110 106 104 107 111 101 105 102 109 52 144 67 74 70 68 71 75 65 69 66 73 64 96 91 98 94 92 143 99 53 93 90 97 88 60 139 62 82 56 59 63 89 57 54 61 76 72 79 86 10 80 23 87 41 81 78 85
40 96 43 50 46 44 47 51 41 45 42 49 76 36 79 86 82 8 83 87 77 81 78 121 16 48 67 26 22 20 23 27 17 21 138 25 4 12 7 14 10 80 11 15 5 9 66 13 52 60 55 62 58 56 59 63 89 57 54 61 28 108 115 38 34 104 35 39 29 33 30 37 64 72 31 74 70 68 119 75 65 69 18 73 136 144 139 2 142 140 143 3 53 141 6 85 100 24 103 110 106 32 107 111 101 129 102 109 88 132 127 134 130 128 131 135 125 105 126 133 124 84 91 98 94 92 95 99 113 93 90 97 112 120 19 122 118 116 71 123 137 117 114 1
76 84 79 86 142 80 143 87 17 81 78 85 112 60 115 122 118 116 119 123 89 117 114 13 52 120 7 62 58 56 59 63 53 69 54 61 40 24 91 50 46 44 23 51 41 45 42 49 88 96 43 98 94 92 95 99 113 93 90 97 64 72 67 74 70 68 71 75 65 57 66 73 100 108 103 110 106 104 107 111 101 105 102 109 28 36 31 38 10 32 35 39 29 33 30 37 136 48 139 2 34 140 47 3 125 141 138 1 124 144 19 26 82 20 83 27 137 21 18 25 16 132 127 134 130 128 131 135 77 129 126 133 4 12 55 14 22 8 11 15 5 9 6 121
124 132 127 134 22 128 131 135 125 129 126 13 16 48 55 26 34 20 47 27 17 93 18 25 28 108 103 110 106 104 107 111 101 105 102 109 88 84 19 98 130 92 119 99 89 21 90 97 136 144 91 2 142 140 23 3 137 141 138 85 100 120 139 122 118 116 143 123 113 117 114 1 4 12 115 14 10 8 11 15 5 9 6 121 76 96 79 86 82 80 83 87 77 81 78 133 40 72 43 50 94 44 95 51 41 57 42 49 112 24 67 74 70 68 71 75 65 45 66 73 52 36 31 38 46 32 35 39 29 33 30 37 64 60 7 62 58 56 59 63 53 69 54 61
52 60 19 62 10 56 59 63 53 141 54 61 64 24 91 98 94 92 95 99 137 33 90 97 88 36 31 38 34 32 35 39 29 57 30 37 16 96 55 26 22 8 143 27 17 93 6 25 112 72 67 74 70 68 83 75 65 9 66 73 124 144 43 50 46 44 47 51 41 45 42 49 76 84 79 86 82 80 71 87 77 81 78 85 4 12 7 14 58 20 11 15 5 21 18 13 28 120 115 122 118 116 119 123 113 117 114 121 136 48 139 2 142 140 23 3 89 69 138 1 100 108 103 110 106 104 107 111 101 105 102 109 40 132 127 134 130 128 131 135 125 129 126 133
88 48 91 98 94 92 83 99 89 93 90 97 124 72 127 134 130 128 131 135 125 129 126 133 64 132 19 2 70 68 71 75 65 81 66 73 52 60 139 62 82 56 59 63 53 57 54 37 100 108 103 110 106 104 107 111 101 105 102 109 76 96 79 86 22 32 23 87 77 69 78 85 112 120 67 122 58 116 35 123 113 117 114 61 40 24 43 50 118 44 47 51 41 45 42 49 4 12 7 14 10 8 11 15 5 9 6 13 28 36 31 38 34 80 95 39 29 33 30 121 136 144 55 74 142 140 143 3 137 141 138 1 16 84 115 26 46 20 119 27 17 21 18 25
64 36 67 74 70 140 71 75 65 69 66 73 100 108 103 110 106 104 107 111 101 21 102 109 40 24 43 50 46 44 47 51 41 141 42 49 28 72 31 38 34 32 35 39 29 33 30 85 76 84 79 86 82 80 143 87 77 81 78 1 52 60 55 62 58 20 59 63 5 93 54 61 88 96 91 98 94 92 95 99 89 45 126 97 16 48 19 26 22 56 23 27 125 129 90 25 124 132 127 134 130 128 131 135 137 105 18 133 4 12 7 14 10 8 11 15 17 9 6 37 112 120 115 122 118 116 119 123 53 117 114 121 136 144 139 2 142 68 83 3 113 57 138 13
100 120 115 122 34 116 119 123 113 117 114 121 4 12 7 14 10 80 11 15 41 9 6 85 136 96 91 74 94 92 95 99 89 93 90 97 76 36 79 86 58 20 83 87 77 81 78 61 124 132 127 134 130 128 131 135 125 129 126 133 112 84 103 110 106 56 107 111 53 105 102 109 40 144 139 2 142 140 143 3 137 141 138 1 64 72 67 98 70 68 71 75 65 69 66 73 88 108 31 38 46 104 35 39 29 33 30 37 16 60 55 62 118 32 59 63 5 57 54 13 28 24 19 26 22 8 23 27 17 21 18 25 52 48 43 50 82 44 47 51 101 45 42 49
28 72 7 38 130 32 95 39 29 33 30 37 88 84 67 74 70 68 23 75 65 69 66 73 4 12 139 14 10 8 11 15 5 129 6 133 136 144 43 2 106 140 47 3 137 141 138 121 64 48 31 50 46 44 71 51 41 45 42 49 40 24 19 26 82 80 119 27 101 21 18 25 16 60 55 62 118 56 59 63 53 57 54 13 124 132 127 134 34 128 131 135 17 9 126 1 112 36 91 98 142 92 143 99 89 93 90 97 52 120 115 122 22 116 35 123 113 117 114 61 76 96 79 86 58 20 83 87 125 81 78 85 100 108 103 110 94 104 107 111 77 105 102 109
112 108 103 110 106 104 107 111 101 105 102 109 136 144 139 2 142 32 143 3 113 141 138 1 76 60 79 86 82 80 131 87 77 9 78 85 64 48 67 74 70 68 71 75 65 69 18 73 40 120 115 122 118 116 119 123 53 117 114 121 88 36 91 98 94 92 95 99 89 81 90 97 124 132 127 134 130 128 83 135 125 93 66 133 52 84 55 62 46 8 59 63 137 57 54 61 16 96 19 26 22 20 23 27 17 21 126 25 100 72 43 50 58 56 47 51 41 129 42 49 4 12 7 14 10 44 11 15 5 45 6 13 28 24 31 38 34 140 35 39 29 33 30 37
141 101 144 7 15 1 4 92 118 2 83 6 33 41 36 43 39 37 40 44 34 38 35 30 117 125 120 127 123 121 28 128 70 122 119 126 129 113 108 115 111 109 124 116 82 110 95 114 9 137 12 19 75 13 16 20 10 14 11 102 21 5 132 139 135 49 136 140 130 134 131 90 105 29 24 31 27 25 112 104 22 26 23 18 93 53 96 103 3 97 100 32 94 98 107 138 57 65 60 67 63 61 64 68 58 62 59 66 81 89 84 91 87 85 88 8 106 86 71 42 45 17 48 55 51 133 52 56 46 50 47 54 69 77 72 79 99 73 76 80 142 74 143 78
21 65 24 31 27 73 88 32 22 26 23 30 69 17 60 139 63 61 64 68 130 2 59 66 141 5 144 7 3 25 16 20 142 50 143 6 45 137 132 67 135 133 136 140 58 134 131 78 33 113 36 43 39 37 4 44 34 38 35 42 9 89 12 19 15 13 28 92 106 14 11 18 129 53 48 55 51 97 52 56 46 62 47 54 117 125 120 127 99 121 124 128 118 122 119 126 81 41 84 91 87 85 40 80 82 86 83 90 105 101 108 115 111 109 112 116 94 74 107 138 57 77 72 79 75 1 76 8 10 110 71 114 93 29 96 103 123 49 100 104 70 98 95 102
9 17 12 19 51 13 52 20 10 14 11 18 45 53 48 55 135 49 124 56 46 50 83 54 129 77 60 139 15 97 136 140 22 2 47 78 117 125 120 127 123 121 112 80 118 86 119 126 21 29 24 31 27 1 28 32 142 26 23 138 141 137 144 7 3 133 4 8 82 122 143 6 57 41 36 43 39 37 40 44 34 38 35 42 105 101 108 115 111 109 16 116 106 110 71 114 69 89 72 79 75 73 76 128 70 74 131 30 93 113 96 103 99 25 100 104 130 98 95 102 33 5 132 67 63 61 64 68 58 62 107 66 81 65 84 91 87 85 88 92 94 134 59 90
45 53 48 55 3 49 16 56 46 50 47 54 81 89 84 67 51 25 88 92 22 62 119 90 21 29 24 31 27 85 100 32 130 26 23 30 9 17 12 19 15 13 76 20 10 14 143 102 57 65 60 91 63 61 40 68 58 86 59 66 33 41 36 43 39 37 64 44 34 38 83 42 69 77 72 79 87 73 28 80 70 74 71 78 141 5 144 7 123 1 4 8 142 2 95 6 105 113 108 115 111 109 112 116 106 110 107 18 129 137 132 139 135 133 52 140 82 134 131 114 93 101 96 103 99 97 136 104 94 98 35 138 117 125 120 127 75 121 124 128 118 122 11 126
81 89 84 91 87 85 64 8 82 62 143 90 117 125 120 127 123 97 4 20 58 86 47 42 57 65 132 79 63 133 124 68 118 110 59 66 105 53 48 55 51 49 52 56 46 50 107 54 93 101 96 103 99 25 100 104 94 98 95 126 69 77 72 67 75 121 76 80 70 74 71 78 45 113 108 115 111 109 136 128 106 2 119 114 33 41 36 43 39 37 112 44 34 38 35 18 141 5 144 7 3 1 88 92 142 122 11 6 21 29 24 31 27 61 28 32 22 26 83 30 129 137 60 139 135 73 40 140 130 134 131 102 9 17 12 19 15 13 16 116 10 14 23 138
129 137 132 139 135 133 136 140 142 74 131 138 21 29 24 31 27 121 28 128 10 26 23 102 105 113 108 115 111 109 112 116 106 134 107 54 93 101 96 103 99 25 40 104 94 98 47 18 141 5 144 7 3 73 64 8 22 62 143 6 117 125 120 127 123 1 124 32 118 2 119 126 33 17 12 19 15 13 16 20 130 14 11 30 81 89 84 91 87 85 88 92 82 86 83 90 45 53 48 55 51 49 52 56 46 50 95 114 69 77 72 79 75 97 76 80 70 122 35 78 9 65 36 43 39 37 100 44 34 38 59 42 57 41 60 67 63 61 4 68 58 110 71 66
57 113 60 67 63 25 28 68 58 134 59 42 93 101 96 103 99 1 100 104 94 98 95 6 33 41 36 43 39 13 64 8 34 62 35 138 21 65 24 31 27 97 16 128 22 26 23 30 69 77 72 79 87 85 76 80 70 74 71 114 45 53 48 55 51 61 52 56 46 50 47 54 81 89 84 91 75 49 88 92 82 110 107 66 9 17 12 19 15 73 40 20 10 14 11 102 117 125 120 127 123 121 124 32 118 38 119 126 141 5 144 7 3 37 4 44 142 2 143 90 105 29 108 115 111 109 112 116 106 122 83 78 129 137 132 139 135 133 136 140 130 86 131 18
93 5 96 43 99 97 100 104 94 98 95 102 141 65 132 79 111 85 136 140 82 134 131 138 69 137 72 103 75 37 76 44 58 74 71 42 57 77 60 139 63 61 64 68 130 62 59 66 105 53 108 115 51 109 112 116 106 110 107 18 129 29 84 91 87 73 88 128 142 86 35 114 117 125 120 127 123 133 124 8 118 122 83 126 45 113 48 55 135 49 52 56 46 50 23 54 9 17 12 19 15 13 16 20 10 14 47 78 33 41 36 67 39 1 40 92 34 38 11 6 81 89 144 7 3 121 4 80 70 2 143 90 21 101 24 31 27 25 28 32 22 26 119 30
69 77 72 127 75 61 76 80 70 86 71 78 105 113 108 115 87 109 112 116 106 110 107 114 45 53 48 55 51 73 52 56 46 38 131 102 33 41 36 43 39 37 28 44 34 122 11 42 81 89 84 67 111 97 88 92 118 50 83 90 57 65 60 79 63 85 40 68 58 62 59 66 93 101 96 103 99 121 100 32 94 98 95 6 21 29 24 31 27 25 136 104 22 26 143 30 129 137 132 139 135 133 4 140 130 134 35 138 9 17 12 19 15 13 16 20 10 14 23 18 117 125 120 91 123 49 124 128 142 74 119 126 141 5 144 7 3 1 64 8 82 2 47 54
117 125 120 103 123 121 124 128 130 122 119 126 9 137 12 19 15 13 16 8 118 14 11 18 93 101 96 67 99 49 40 104 94 98 95 114 81 89 84 91 87 85 88 92 106 38 35 90 129 17 132 139 135 133 136 140 82 134 131 54 105 113 108 115 111 109 112 20 10 110 107 138 141 5 144 7 3 1 4 116 142 86 143 102 69 77 72 79 75 61 76 80 70 74 47 78 33 29 36 43 39 37 100 44 34 2 71 42 57 65 60 127 63 73 64 68 58 62 59 66 21 41 24 31 27 25 28 32 22 26 23 30 45 53 48 55 51 97 52 56 46 50 83 6
33 29 36 79 39 37 40 44 34 38 35 66 57 77 72 91 75 73 76 32 70 74 71 78 9 89 12 19 135 61 4 80 10 14 11 18 141 5 144 7 3 1 100 8 142 2 83 138 45 41 48 55 15 49 52 56 46 122 47 30 81 17 24 31 27 25 16 116 22 26 23 102 21 65 60 67 63 85 64 68 58 50 59 90 129 137 132 139 51 133 28 140 130 134 131 42 93 101 96 103 99 97 136 104 94 98 143 54 117 125 120 43 123 121 124 128 118 110 119 126 69 53 84 127 87 13 88 92 82 86 95 6 105 113 108 115 111 109 112 20 106 62 107 114
105 41 108 115 111 109 112 116 106 110 107 114 129 5 144 7 3 133 52 80 142 122 143 126 81 17 84 91 87 1 88 92 82 86 83 90 69 29 72 79 75 73 4 32 70 74 71 6 117 125 120 127 123 121 124 128 130 2 119 78 93 101 96 103 99 97 100 104 94 98 95 30 9 137 132 139 135 61 76 140 10 134 131 138 57 65 60 67 63 13 64 68 58 62 59 66 21 77 24 31 27 25 28 8 22 26 23 102 45 53 48 55 51 49 136 56 46 50 47 54 141 113 12 19 15 85 16 20 118 14 11 18 33 89 36 43 39 37 40 44 34 38 35 42
20 4 143 6 2 144 3 7 93 121 142 5 32 40 35 42 38 36 39 43 33 37 34 41 116 124 95 126 122 24 63 127 57 73 118 125 140 112 107 90 110 108 111 115 105 109 94 89 8 16 47 18 14 12 15 19 141 13 10 17 128 88 131 138 134 132 135 139 129 133 130 137 104 28 23 30 26 120 123 31 21 1 46 29 92 100 11 102 98 96 99 103 9 25 22 101 56 64 59 78 62 60 27 67 117 61 58 65 80 136 83 114 86 84 87 91 81 85 82 53 44 52 119 54 50 48 51 55 45 49 106 113 68 76 71 66 74 72 75 79 69 97 70 77
32 28 23 30 26 24 27 31 21 25 22 29 56 64 59 126 62 60 63 67 57 49 58 89 80 4 143 6 2 144 3 7 141 1 10 5 128 136 131 66 134 120 135 139 129 61 130 137 140 40 35 138 38 72 87 43 33 37 34 41 8 16 11 18 14 12 15 19 9 13 46 65 44 52 47 54 50 48 51 55 45 97 142 53 116 124 119 114 122 132 123 127 117 121 118 77 20 88 83 90 86 84 39 91 81 85 82 125 104 112 71 78 110 108 99 115 105 109 106 113 68 76 107 102 74 36 75 79 69 73 70 101 92 100 95 42 98 96 111 103 93 133 94 17
8 16 11 18 14 12 15 19 9 133 10 17 44 52 47 138 50 48 51 55 45 85 46 125 128 136 131 42 134 84 135 139 129 13 130 65 116 124 119 126 122 132 99 127 117 121 118 113 20 28 23 30 26 24 63 31 21 25 142 29 140 4 143 6 2 60 3 7 81 1 58 5 32 40 35 78 38 36 27 43 33 37 34 41 104 112 107 54 110 108 111 115 105 109 106 53 68 76 71 66 74 72 75 79 69 73 70 77 92 100 95 102 98 96 123 103 93 97 94 101 56 64 59 114 62 144 87 67 57 61 22 137 80 88 83 90 86 120 39 91 141 49 82 89
44 52 47 54 50 48 51 55 45 49 46 53 80 136 83 90 86 84 87 91 21 61 82 5 20 28 23 30 26 72 27 31 93 133 94 17 8 16 11 18 14 12 15 19 9 13 34 125 56 64 59 66 62 60 39 67 81 73 22 65 32 40 35 102 38 36 75 43 33 37 10 41 68 76 71 42 74 24 111 79 69 121 70 137 140 4 143 126 2 120 3 7 141 1 142 113 104 112 107 114 110 108 99 115 57 109 106 89 128 88 131 138 134 132 135 139 129 25 130 29 92 100 95 6 98 96 63 103 105 97 58 77 116 124 119 78 122 144 123 127 117 85 118 101
80 88 83 90 86 84 111 91 81 85 70 89 116 124 119 30 122 120 123 127 117 13 118 137 56 64 59 102 62 60 87 67 45 25 58 29 104 52 47 54 50 48 51 55 33 49 46 53 92 100 95 126 98 96 99 103 93 97 94 101 68 76 71 78 74 72 63 79 69 73 106 77 20 112 107 114 110 108 75 115 105 109 82 113 32 40 35 42 38 36 39 43 57 37 34 5 140 4 143 6 2 144 3 7 141 1 142 17 44 28 23 66 26 24 27 31 21 61 22 65 128 136 131 138 134 132 135 139 129 133 130 41 8 16 11 18 14 12 15 19 9 121 10 125
128 136 131 138 134 132 135 139 129 97 130 137 20 28 23 66 26 24 27 31 141 25 22 29 104 112 107 114 110 108 111 115 21 109 142 41 92 100 95 102 98 96 123 103 93 133 10 101 68 4 71 6 2 36 3 7 105 1 82 5 116 124 119 42 122 120 99 127 117 121 118 125 8 16 11 18 14 12 15 19 9 13 106 17 80 88 83 90 86 144 87 91 81 85 94 89 44 52 47 54 50 48 51 55 45 49 46 113 32 76 143 30 74 72 75 79 69 73 70 77 140 40 35 78 38 60 39 43 33 37 34 53 56 64 59 126 62 84 63 67 57 61 58 65
56 64 59 66 62 60 63 67 57 61 82 65 92 100 11 102 98 96 99 103 93 97 94 101 68 40 35 138 38 36 39 43 33 37 22 89 20 28 23 114 26 24 27 31 69 25 106 29 32 76 143 78 74 108 75 79 9 133 70 77 44 52 47 54 50 48 51 55 45 49 34 53 80 88 83 90 86 84 87 91 81 85 58 5 8 16 95 18 14 12 15 19 21 13 10 17 116 124 119 126 122 120 123 127 105 121 118 41 140 4 107 6 2 144 3 7 141 1 142 137 104 112 71 42 110 72 111 115 117 109 46 125 128 136 131 30 134 132 135 139 129 73 130 113
92 100 95 102 98 96 87 103 69 37 94 101 128 88 131 54 134 132 15 139 129 133 130 17 140 76 71 78 74 120 75 79 105 61 70 77 56 64 59 30 62 60 63 67 81 97 58 65 104 112 107 114 110 144 111 115 57 109 106 113 80 136 83 90 86 84 123 91 93 85 82 89 116 124 119 126 122 72 3 127 117 73 118 125 44 52 47 6 50 48 51 55 45 49 46 29 8 16 11 18 14 12 135 19 9 13 10 53 68 40 35 42 38 36 39 43 33 121 34 41 32 4 143 66 2 108 99 7 141 1 142 5 20 28 23 138 26 24 27 31 21 25 22 137
68 76 71 78 74 72 75 79 141 73 34 77 104 112 107 114 110 108 111 115 105 109 106 113 32 52 47 54 50 48 51 55 69 49 46 53 44 40 35 42 38 36 39 43 45 37 22 41 80 88 119 90 86 84 135 91 117 85 58 89 56 64 59 66 62 144 87 67 57 61 70 29 92 100 95 102 98 96 99 103 93 25 94 101 20 28 23 30 26 24 27 31 33 97 82 125 128 136 131 138 134 132 15 139 129 133 130 137 8 16 11 18 14 12 63 19 9 13 10 17 116 124 83 126 122 120 123 127 21 121 118 65 140 4 143 6 2 60 3 7 81 1 142 5
116 124 119 126 122 120 123 127 117 1 118 125 8 16 95 18 14 12 135 19 9 121 10 65 92 100 11 66 98 96 99 103 81 97 106 101 80 88 83 138 86 84 87 91 21 85 82 17 128 136 131 102 134 132 27 139 129 61 130 137 104 112 107 114 110 108 111 115 105 109 142 113 140 4 143 6 2 144 39 7 141 49 22 77 68 76 71 78 74 72 75 79 69 73 70 41 32 40 35 42 38 36 63 43 33 37 34 5 56 64 59 90 62 60 15 67 57 133 58 89 20 28 23 30 26 24 3 31 93 25 94 29 44 52 47 54 50 48 51 55 45 13 46 53
140 40 35 42 38 36 39 43 33 13 58 41 68 76 71 78 74 72 75 79 69 73 70 77 8 16 83 18 14 12 123 19 9 121 34 113 32 4 143 6 2 144 3 7 141 1 142 5 44 52 11 54 50 48 51 55 45 49 46 53 20 28 23 30 26 24 27 31 21 25 22 17 56 64 59 66 62 132 63 67 57 61 10 65 128 136 131 138 134 60 135 139 129 133 130 137 92 100 95 102 98 96 87 103 93 97 94 101 116 124 119 126 122 120 111 127 117 37 118 125 80 88 47 90 86 84 15 91 81 85 82 89 104 112 107 114 110 108 99 115 105 109 106 29
104 112 107 114 110 108 99 115 105 109 106 113 140 4 143 6 2 144 3 7 81 1 142 53 44 88 119 90 86 132 15 91 117 85 82 137 68 76 71 78 74 72 75 79 57 73 70 77 116 124 83 42 122 120 123 127 69 121 118 125 92 100 95 126 98 96 39 103 141 97 94 101 128 136 131 138 134 60 135 139 129 133 130 89 56 64 59 66 62 84 63 67 93 61 58 65 80 28 23 30 26 24 111 31 21 25 22 29 20 52 47 54 50 48 51 55 45 49 46 5 8 16 11 18 14 12 27 19 9 13 10 17 32 40 35 102 38 36 87 43 33 37 34 41
139 3 106 5 61 143 2 6 140 24 93 4 103 39 34 41 37 35 38 42 8 36 141 40 115 123 118 125 121 83 62 126 116 120 117 28 31 111 94 113 133 107 110 114 104 108 105 112 7 15 10 17 13 11 14 18 44 12 9 16 43 135 130 137 49 71 134 102 128 132 129 136 19 27 22 29 25 95 26 30 20 48 21 124 91 99 142 101 97 23 98 138 80 96 33 100 55 63 58 65 109 59 122 66 56 60 57 64 79 87 82 89 85 119 86 90 92 84 81 88 127 51 46 53 1 47 50 54 32 144 45 52 67 75 70 77 73 131 74 78 68 72 69 76
19 27 22 29 1 23 26 30 20 60 45 124 55 63 58 65 133 59 110 138 32 72 57 64 139 3 94 5 25 143 2 6 140 144 141 4 127 135 118 137 61 131 74 66 128 132 93 28 31 39 34 41 37 35 38 42 80 24 129 40 7 15 10 17 13 11 122 18 8 12 9 16 43 51 46 53 49 47 50 102 68 36 105 52 115 123 130 125 121 119 134 126 92 120 117 136 79 87 82 89 85 83 86 78 44 84 81 88 103 111 106 113 109 107 62 54 116 108 21 112 67 75 70 77 73 71 14 90 104 48 69 76 91 99 142 101 97 95 98 114 56 96 33 100
7 15 118 77 13 11 14 18 8 12 9 16 43 51 46 53 25 47 50 54 44 48 117 52 127 135 10 137 133 131 134 138 128 132 45 64 115 123 130 125 121 119 26 126 32 120 129 124 19 27 22 29 85 23 2 90 20 36 21 4 139 3 142 5 1 143 62 6 92 144 141 112 31 39 34 41 37 35 38 42 116 24 33 40 103 111 106 113 109 107 110 78 140 60 105 28 67 75 70 17 73 71 74 30 68 72 69 76 91 99 94 101 97 95 98 114 104 96 93 100 55 63 58 65 61 59 122 66 56 108 57 136 79 87 82 89 49 83 86 102 80 84 81 88
43 51 46 53 73 47 50 42 44 48 81 52 127 87 82 89 49 83 86 6 140 84 45 28 19 27 70 29 1 23 26 30 20 24 21 16 79 15 106 17 13 11 14 18 8 12 9 88 55 63 58 65 61 119 62 66 128 132 57 64 31 39 34 113 85 59 38 126 32 36 33 40 67 75 94 125 109 71 74 78 56 72 69 76 139 3 118 5 25 35 2 54 68 144 141 4 103 111 142 137 133 107 110 114 104 108 105 112 7 135 130 77 37 131 134 138 80 60 129 136 91 99 22 101 97 95 98 102 92 96 93 100 115 123 10 41 121 143 122 90 116 120 117 124
79 87 82 89 85 71 86 90 80 84 33 88 115 75 118 125 121 119 62 66 116 120 81 124 55 63 58 65 61 35 122 54 56 60 57 136 43 51 10 53 49 47 50 138 44 48 45 52 91 99 94 101 97 59 98 30 104 96 105 100 67 123 70 77 109 83 74 78 68 72 69 76 139 111 142 113 73 107 110 114 140 108 93 112 31 39 34 41 37 95 38 42 32 36 21 40 127 3 106 5 1 143 2 6 92 144 141 4 19 27 22 29 25 23 26 102 20 24 117 28 103 135 130 137 13 131 134 126 128 132 129 64 7 15 46 17 133 11 14 18 8 12 9 16
127 135 130 17 25 83 134 138 128 132 129 28 19 99 22 29 109 23 2 30 20 24 21 136 103 111 106 113 37 107 110 114 104 108 105 112 91 27 82 101 97 95 98 102 92 96 141 16 139 3 142 5 1 143 26 6 56 144 81 124 115 75 118 125 121 119 86 42 116 120 117 4 7 15 10 77 13 131 14 18 80 12 9 100 79 87 94 89 85 11 122 90 8 84 93 88 43 51 46 53 49 47 50 54 32 48 45 52 67 123 70 137 73 71 74 126 68 72 69 76 31 39 34 41 133 35 38 78 44 36 33 40 55 63 58 65 61 59 62 66 140 60 57 64
55 63 58 65 49 59 62 66 56 120 57 76 91 27 94 17 97 95 98 18 92 60 93 100 31 39 34 41 109 47 38 42 32 36 33 40 19 99 46 29 25 23 122 30 20 24 21 64 67 75 70 89 73 71 74 78 68 72 69 28 79 51 22 53 133 131 50 54 44 48 45 52 103 87 82 101 85 11 86 90 8 84 81 88 7 15 10 77 13 83 14 102 104 108 9 16 115 123 118 125 61 119 26 126 80 96 117 124 139 3 142 5 1 143 2 6 140 144 141 4 43 111 106 113 121 107 110 114 116 12 105 112 127 135 130 137 37 35 134 138 128 132 129 136
91 99 94 101 97 35 98 102 92 144 21 136 79 135 70 137 61 131 134 90 104 132 129 88 67 75 130 53 73 71 74 78 68 96 69 76 55 63 58 65 85 59 62 54 56 60 57 100 103 111 106 113 109 107 86 114 116 108 33 112 127 87 82 89 37 95 14 138 80 84 81 124 115 123 118 17 121 119 122 126 32 120 117 64 43 51 46 29 1 47 26 66 44 48 45 52 7 15 10 77 13 11 38 18 8 12 9 16 31 39 34 41 133 83 110 42 128 36 105 40 139 3 142 5 49 143 2 6 140 72 141 4 19 27 22 125 25 23 50 30 20 24 93 28
67 75 70 113 133 95 74 78 68 72 69 100 7 111 142 101 85 107 122 126 128 108 105 112 43 51 46 89 49 59 50 66 44 48 93 52 103 39 34 41 37 35 38 42 116 36 33 40 79 87 82 77 25 83 110 102 32 84 141 88 55 63 58 65 61 47 2 30 56 60 57 64 91 99 106 137 97 23 98 54 104 96 45 28 19 27 22 53 73 143 86 114 20 24 81 76 31 135 130 29 121 131 134 90 140 132 129 136 127 15 10 17 13 11 14 18 8 12 9 16 115 123 118 125 109 119 62 138 80 120 117 124 139 3 94 5 1 71 26 6 92 144 21 4
115 123 10 125 121 119 122 126 116 96 117 112 31 15 130 113 13 11 14 114 56 12 9 16 91 99 142 77 97 95 98 102 8 72 129 100 7 87 22 89 109 83 86 90 80 84 81 76 127 135 46 137 133 131 50 138 140 60 93 136 103 111 106 101 73 107 110 66 104 108 105 88 79 3 70 5 1 143 134 6 92 144 141 4 67 75 82 17 49 71 74 18 128 132 69 124 139 39 34 41 37 35 62 42 20 36 33 40 55 63 58 65 61 59 38 78 32 120 57 64 19 27 94 29 25 23 26 30 68 24 21 28 43 51 118 53 85 47 2 54 44 48 45 52
31 39 34 41 37 107 38 114 32 36 141 40 67 123 10 77 73 71 74 78 68 96 69 76 7 15 22 17 13 11 14 18 80 12 9 88 139 3 142 5 1 143 2 6 140 144 117 4 43 51 130 53 49 47 134 54 92 48 45 52 19 27 46 29 25 23 26 90 20 24 21 28 55 63 58 65 61 59 62 138 44 60 57 136 127 135 70 137 133 131 50 30 116 72 129 64 91 99 94 101 97 95 98 102 128 120 93 100 115 75 118 125 121 35 122 66 56 132 33 124 79 87 82 89 85 83 86 42 8 84 81 16 103 111 106 113 109 119 110 126 104 108 105 112
103 111 142 137 109 131 110 54 104 108 105 64 139 3 106 5 1 143 26 102 80 144 33 4 79 87 82 101 85 119 86 90 92 84 81 124 67 75 70 77 73 71 134 78 68 72 69 136 115 123 118 125 121 95 122 126 8 120 117 76 91 99 94 41 97 35 98 114 140 96 93 100 127 135 130 89 133 83 2 66 128 132 129 16 55 63 58 65 61 59 62 6 56 12 57 112 19 27 22 113 25 23 14 138 116 24 21 28 43 51 46 53 49 47 50 30 44 48 45 52 7 15 10 17 37 11 74 18 20 60 9 88 31 39 34 29 13 107 38 42 32 36 141 40
95 7 2 9 137 3 90 46 36 4 1 8 35 43 38 45 41 39 42 10 144 40 61 44 119 127 122 21 125 135 126 130 120 16 121 128 131 115 50 117 5 111 114 58 108 112 85 116 11 19 14 57 17 15 18 22 12 124 13 20 23 139 98 141 77 87 6 142 132 136 133 140 107 31 26 69 29 27 30 34 24 28 25 32 47 103 110 105 101 63 102 82 96 100 97 104 71 67 62 129 65 99 66 70 60 64 37 68 83 91 86 93 89 123 138 94 84 88 73 92 143 55 134 33 53 51 54 118 48 52 49 56 59 79 74 81 113 75 78 106 72 76 109 80
23 31 26 81 89 27 30 10 24 28 25 32 59 67 74 69 65 3 66 70 60 64 13 68 143 7 2 141 5 63 6 58 144 4 85 8 119 79 134 33 137 135 138 142 132 136 133 140 107 43 38 45 29 39 42 46 36 40 37 44 131 19 14 9 17 15 114 22 12 16 1 20 47 55 50 21 53 51 54 106 48 52 49 56 35 127 122 129 125 123 18 130 120 124 121 128 83 91 86 93 41 87 90 94 84 88 61 92 71 139 110 117 113 111 126 118 108 112 109 116 11 115 62 57 77 75 78 82 72 76 73 80 95 103 98 105 101 99 102 34 96 100 97 104
71 19 14 129 29 15 18 22 12 16 13 20 119 55 50 57 53 51 6 58 48 52 109 56 131 139 134 93 137 27 138 142 132 136 133 140 59 127 122 141 125 123 126 82 120 124 97 128 23 31 98 33 101 99 30 34 24 28 49 32 143 7 86 81 5 3 54 10 144 4 25 8 35 43 2 45 41 39 42 46 36 40 73 44 107 115 38 117 89 111 114 118 108 112 1 116 11 79 74 9 113 75 78 130 72 76 121 80 95 103 62 105 17 135 102 106 96 100 37 104 47 67 110 69 65 63 66 70 60 64 61 68 83 91 26 21 77 87 90 94 84 88 85 92
47 55 38 57 53 111 54 58 48 52 49 56 83 79 86 93 89 87 90 46 84 88 133 92 23 31 26 33 29 123 30 34 24 28 1 32 11 19 14 21 17 15 18 22 12 64 121 20 59 7 62 69 65 27 66 94 60 16 73 68 95 43 134 45 113 135 138 70 36 40 37 44 71 91 74 81 77 75 78 82 72 76 61 80 143 139 2 9 5 3 6 10 144 4 25 8 107 115 110 117 137 63 42 118 108 112 109 116 131 67 50 141 101 51 114 142 132 136 85 140 35 103 98 105 125 99 102 106 96 100 97 104 119 127 122 129 41 39 126 130 120 124 13 128
83 91 50 141 77 87 66 94 144 88 85 92 95 127 122 129 125 123 126 130 120 124 25 128 59 67 62 69 89 39 78 70 60 64 61 68 35 55 86 57 53 51 54 10 48 52 13 56 47 103 134 105 41 63 102 106 96 100 97 104 71 79 74 21 65 75 30 82 72 76 73 80 23 115 110 117 101 111 114 22 108 112 109 116 119 43 98 45 113 99 42 46 84 40 37 44 143 7 2 81 5 3 6 58 36 4 49 8 107 31 26 33 29 27 90 34 24 28 1 32 131 139 38 9 137 135 138 142 132 136 133 140 11 19 14 93 17 15 18 118 12 16 121 20
131 139 134 117 125 135 138 34 132 100 133 140 23 19 26 21 29 27 54 94 24 28 49 32 107 115 110 105 113 111 114 118 108 112 109 116 95 103 98 9 89 99 78 106 96 16 1 104 35 79 2 141 77 3 6 70 144 4 25 8 119 31 38 129 101 123 102 130 120 124 121 128 83 127 14 33 17 15 18 142 12 136 13 20 71 91 86 93 137 87 90 58 36 88 85 92 47 55 50 57 53 51 126 10 48 52 73 56 11 7 74 81 5 75 30 82 72 76 97 80 59 43 122 45 41 39 42 46 84 40 37 44 143 67 62 69 65 63 66 22 60 64 61 68
59 67 62 69 65 63 6 70 60 64 61 68 71 103 98 33 101 99 30 106 96 136 97 104 47 43 38 45 41 3 66 46 36 40 37 44 83 31 110 129 29 27 102 118 24 100 25 32 143 91 26 81 5 75 78 82 72 76 1 80 35 55 50 57 53 51 18 58 48 52 49 56 11 7 86 93 89 87 90 94 84 88 121 92 95 19 14 21 17 15 126 22 12 16 13 20 119 127 122 105 125 123 54 34 120 124 85 128 23 115 2 9 77 39 42 10 144 4 133 8 107 79 74 117 113 111 114 130 108 112 109 116 131 139 134 141 137 135 138 142 132 28 73 140
143 43 98 105 101 99 102 106 96 136 97 104 131 139 134 141 137 135 138 142 132 100 121 140 71 79 74 9 65 75 42 10 72 76 73 80 107 91 62 69 77 63 66 70 60 28 61 68 95 115 110 117 113 111 114 118 108 112 109 116 47 127 2 93 89 39 90 94 84 88 85 92 119 19 122 129 125 123 126 130 120 64 37 128 11 67 26 57 53 51 54 34 48 52 49 56 59 103 14 21 17 15 18 22 144 16 13 20 35 55 38 45 41 87 78 46 36 40 25 44 83 7 50 81 5 3 6 58 12 124 1 8 23 31 86 33 29 27 30 82 24 4 133 32
11 79 86 45 5 75 78 82 72 76 73 80 107 115 110 117 17 111 114 118 108 112 85 116 35 55 50 81 53 51 54 106 48 124 49 56 47 43 38 105 65 39 42 46 36 40 37 44 83 67 74 93 89 87 90 130 84 88 121 92 59 91 122 69 29 63 66 34 60 64 61 68 95 103 98 57 113 99 102 58 96 100 97 104 23 31 62 33 41 27 30 94 24 28 109 32 131 139 134 141 77 135 138 142 132 136 133 140 143 19 14 21 137 15 18 22 12 16 13 20 119 127 26 129 101 123 126 10 120 4 25 128 71 7 2 9 125 3 6 70 144 52 1 8
119 127 122 33 17 123 126 130 120 124 121 128 11 91 14 105 113 15 18 22 36 16 37 20 95 103 98 129 101 99 102 82 96 100 97 104 23 7 26 93 41 87 90 94 84 88 49 92 131 139 86 21 137 135 138 142 132 52 133 140 107 115 110 117 125 111 42 118 108 112 109 116 143 67 62 9 5 3 6 10 144 4 85 8 83 79 74 81 77 75 78 106 72 76 73 80 35 19 38 45 89 39 114 46 12 40 1 44 59 43 134 69 65 63 66 70 60 64 61 68 71 31 2 141 29 27 30 34 24 28 13 32 47 55 50 57 53 51 54 58 48 136 25 56
35 103 74 21 41 39 42 118 84 40 37 44 47 31 62 81 77 75 78 82 72 76 73 80 11 19 14 57 17 15 18 22 12 52 25 20 143 139 2 45 113 3 30 34 144 4 109 8 71 55 50 9 53 51 54 58 48 64 61 56 83 67 26 33 137 27 126 46 24 28 13 32 59 79 38 105 65 63 66 70 60 16 1 68 131 7 134 141 29 135 138 142 132 136 133 140 95 43 98 69 101 111 102 106 96 100 97 104 119 127 122 129 125 99 6 130 120 124 121 128 23 91 86 93 89 87 90 94 36 88 85 92 107 115 110 117 5 123 114 10 108 112 49 116
107 115 110 93 113 51 114 142 108 112 109 116 143 7 2 9 5 63 102 34 12 4 1 8 83 91 86 117 77 87 90 94 84 88 13 92 71 67 74 81 101 75 6 130 72 76 73 80 119 127 122 129 125 123 126 10 120 136 85 128 11 103 62 105 41 99 78 106 96 100 97 104 131 139 134 141 137 135 138 118 132 124 133 140 59 55 50 69 65 39 66 70 60 64 61 68 23 31 26 33 29 27 30 82 24 28 25 32 47 79 98 57 53 3 54 58 48 52 49 56 95 19 14 21 17 15 18 22 144 16 121 20 35 43 38 45 89 111 42 46 36 40 37 44
73 141 136 143 127 101 68 144 2 114 15 142 25 21 28 35 31 29 80 12 26 90 27 34 85 117 112 119 115 53 116 120 110 138 75 118 97 105 100 107 43 137 104 60 98 30 99 106 37 9 4 11 7 5 8 24 134 6 3 10 121 69 124 131 103 125 128 132 122 126 123 82 109 129 16 23 19 17 20 36 14 18 135 22 13 93 88 95 91 89 92 96 86 102 87 94 49 57 52 59 55 113 56 108 50 54 111 58 1 81 76 83 79 77 140 84 62 78 51 130 133 45 40 47 139 41 44 48 38 42 39 46 61 33 64 71 67 65 32 72 74 66 63 70
13 69 76 23 19 17 140 24 14 18 3 46 49 57 52 59 55 53 56 60 50 54 51 58 133 141 40 143 139 137 128 144 134 78 111 82 37 129 124 131 127 101 80 132 122 126 123 130 25 21 136 35 91 125 20 36 2 90 27 22 1 9 88 11 7 5 8 12 26 6 63 10 121 45 4 47 43 41 44 48 38 42 39 70 109 117 112 71 115 113 104 120 110 114 135 118 73 81 100 95 79 77 32 84 74 30 75 34 97 105 16 107 103 29 116 108 98 102 99 106 61 33 64 83 67 65 68 72 86 66 15 142 85 93 28 119 31 89 92 96 62 138 87 94
1 129 4 11 7 5 8 12 110 6 135 10 37 45 40 47 43 41 44 36 14 114 39 94 73 105 124 35 127 125 140 108 122 126 3 22 121 21 112 119 115 113 116 120 2 78 111 82 13 117 16 23 19 17 32 144 26 18 15 118 133 141 136 143 139 137 104 84 98 138 27 130 25 33 100 131 79 29 128 24 134 30 63 34 97 9 28 107 103 101 20 72 62 42 99 106 61 69 64 71 67 65 68 48 38 66 123 70 85 93 88 95 31 89 92 96 74 90 87 142 49 57 52 59 55 53 56 60 50 54 51 58 109 81 76 83 91 77 80 132 86 102 75 46
61 45 28 47 43 41 44 84 38 42 39 22 73 81 76 83 79 77 8 48 74 78 75 82 13 21 136 23 19 17 20 24 14 18 15 46 109 9 40 35 7 5 56 96 86 6 3 10 49 57 52 59 55 53 116 60 50 54 51 58 25 33 4 119 31 29 32 120 2 30 135 34 37 69 64 71 67 65 68 72 62 66 27 130 133 141 100 143 139 137 140 108 134 138 63 142 97 105 16 107 103 101 104 36 98 102 99 106 121 129 124 11 127 125 80 12 122 126 123 94 85 93 88 95 91 89 92 132 26 90 87 70 1 117 112 131 115 113 128 144 110 114 111 118
37 9 88 83 91 77 92 48 74 90 75 82 109 117 112 11 115 113 116 120 110 30 111 118 49 57 52 59 55 101 56 60 50 54 51 58 1 45 16 23 67 41 44 108 38 42 27 46 85 81 28 95 79 89 80 96 86 114 87 94 61 93 64 71 127 65 68 72 62 66 15 70 97 105 40 107 103 137 104 12 98 102 99 106 25 33 76 119 31 29 32 24 26 78 39 34 133 141 136 143 139 53 140 144 134 138 63 142 13 21 100 47 19 17 20 132 14 18 135 22 121 129 124 131 43 125 128 36 122 126 123 130 73 69 4 35 7 5 8 84 2 6 3 10
121 21 124 131 139 125 128 132 122 126 123 130 13 33 16 119 19 17 20 24 38 18 15 46 97 129 100 107 31 65 104 36 98 102 99 106 85 93 88 95 91 89 92 48 110 90 87 94 133 141 64 143 103 137 140 120 14 66 135 142 109 117 76 35 115 113 116 96 134 114 75 118 1 9 112 11 7 5 8 108 2 138 3 10 73 81 136 83 79 77 80 84 74 6 111 82 37 45 4 47 43 41 44 12 26 42 39 22 61 69 40 23 67 101 68 72 86 54 63 70 25 105 28 71 127 29 32 144 62 30 27 34 49 57 52 59 55 53 56 60 50 78 51 58
49 57 52 59 55 53 80 60 50 54 51 58 1 93 64 95 91 89 128 96 86 6 87 142 25 81 16 131 103 113 32 132 26 30 27 34 13 33 28 47 19 17 20 24 14 18 15 22 73 69 88 71 67 65 68 72 62 138 63 70 37 45 40 23 43 41 140 48 38 42 111 46 61 21 76 83 31 77 56 84 74 78 75 94 85 105 4 35 7 5 8 12 2 90 3 10 109 117 112 119 115 29 92 120 110 114 135 118 133 141 136 143 139 137 44 144 134 66 39 82 97 9 100 107 79 101 104 108 98 102 99 106 121 129 124 11 127 125 116 36 122 126 123 130
133 93 16 95 31 89 56 96 86 78 87 118 121 129 124 131 127 125 92 132 122 126 123 130 61 69 64 71 91 29 68 72 62 66 63 70 49 57 4 59 55 53 128 84 50 54 51 58 97 105 100 107 139 101 104 108 98 102 99 106 73 81 112 83 79 77 80 144 74 90 39 142 85 117 52 119 115 113 116 120 110 114 111 82 37 45 40 47 67 41 44 48 38 30 27 46 1 9 76 11 7 5 8 60 2 6 3 10 25 33 28 35 43 65 32 36 26 42 75 34 109 141 136 143 103 137 140 12 134 138 135 94 13 21 88 23 19 17 20 24 14 18 15 22
85 81 40 35 67 65 20 72 62 138 63 70 97 105 100 107 103 101 104 108 98 66 99 106 109 45 28 47 43 41 44 48 38 42 123 94 25 69 64 11 79 29 32 36 26 102 39 34 61 33 76 83 31 77 92 84 74 78 75 82 49 57 52 59 55 53 56 60 50 54 51 58 13 93 88 95 91 89 80 96 86 90 87 46 1 21 16 23 19 17 68 144 14 18 15 22 121 129 124 131 127 125 128 132 122 126 27 130 73 9 4 71 7 5 8 24 2 6 3 10 37 117 112 119 115 113 116 120 110 114 111 118 133 141 136 143 139 137 140 12 134 30 135 142
109 117 112 119 115 113 116 120 134 30 111 94 85 9 4 71 7 5 32 84 2 42 3 10 1 93 88 95 79 89 92 96 86 90 135 130 73 81 76 83 103 77 8 12 74 114 75 118 121 129 124 131 127 29 128 132 122 126 123 34 97 105 100 107 67 101 44 108 110 102 99 106 133 141 136 143 139 125 140 144 26 6 15 142 61 69 64 11 55 65 56 36 98 66 51 70 25 33 28 35 31 137 80 72 62 78 87 46 49 57 52 59 91 53 104 60 50 138 27 58 13 21 16 23 19 17 20 24 14 18 63 22 37 45 40 47 43 41 68 48 38 54 39 82
25 33 64 71 79 29 32 36 26 66 27 34 61 69 136 23 67 137 68 72 62 102 63 70 37 9 4 11 7 5 8 12 2 6 87 10 133 141 52 143 139 65 140 144 134 138 135 142 1 45 40 47 43 41 44 48 38 30 39 46 13 21 16 95 19 17 20 24 14 18 3 22 49 57 28 59 55 53 92 60 50 54 51 58 121 129 124 131 127 125 128 132 122 126 123 130 85 93 88 83 91 89 116 96 86 90 15 94 109 117 112 119 115 113 56 120 110 114 111 118 73 81 76 35 31 77 80 84 74 78 75 82 97 105 100 107 103 101 104 108 98 42 99 106
97 105 100 107 103 137 104 108 98 102 99 106 133 141 88 143 139 65 140 144 134 138 135 22 121 33 76 83 67 77 80 84 74 114 39 142 61 117 136 71 31 125 68 72 62 66 63 70 109 93 112 119 115 113 56 12 110 42 111 130 85 129 28 47 91 89 92 36 86 78 87 94 73 81 124 35 127 101 32 132 122 126 123 118 49 57 52 59 43 53 116 60 50 54 75 58 13 21 40 23 19 17 20 24 14 18 51 82 37 45 64 131 55 41 128 48 38 30 15 46 1 69 4 11 7 5 8 96 2 6 3 10 25 9 16 95 79 29 44 120 26 90 27 34
27 143 138 1 33 139 142 2 136 140 113 144 135 47 30 49 105 31 34 38 64 32 17 36 111 119 114 133 117 55 118 122 112 116 5 120 99 107 18 109 141 103 106 110 100 104 101 108 3 83 6 13 9 7 10 14 4 44 41 12 123 131 126 121 129 127 130 134 124 128 125 132 15 23 66 37 21 19 22 26 16 20 137 24 87 95 90 97 93 91 94 98 76 92 89 96 51 59 54 61 57 115 58 62 52 56 53 60 75 35 78 85 81 79 82 86 28 80 77 84 39 11 42 25 45 43 46 50 40 8 29 48 63 71 102 73 69 67 70 74 88 68 65 72
135 23 18 25 21 115 22 26 16 20 17 24 51 59 54 61 57 55 58 62 52 8 53 60 99 107 138 1 81 139 142 2 136 140 137 144 123 131 126 133 129 127 130 14 124 128 125 132 27 143 30 37 33 103 34 38 112 32 29 36 87 119 6 13 9 7 10 50 4 56 5 12 39 35 42 49 45 43 46 134 40 44 41 48 111 47 114 121 117 19 82 122 88 116 113 120 75 83 78 85 141 79 118 86 76 80 77 84 15 11 102 109 105 31 106 110 100 104 101 108 63 71 66 73 69 67 70 74 64 68 65 72 3 95 90 97 93 91 94 98 28 92 89 96
3 11 6 13 57 7 10 14 4 8 5 12 39 35 42 109 45 43 46 50 40 44 41 48 63 131 126 37 129 127 130 134 124 128 125 132 111 119 102 121 117 91 118 122 112 116 113 120 15 23 114 133 21 19 22 26 16 20 17 24 135 143 138 1 141 139 142 2 136 92 137 144 27 47 30 73 33 31 34 38 28 32 29 36 99 107 18 61 105 103 106 110 100 104 101 108 123 71 66 25 69 55 70 74 64 68 65 72 87 95 90 97 93 67 58 98 88 140 89 96 51 59 54 49 9 115 94 62 52 56 53 60 75 83 78 85 81 79 82 86 76 80 77 84
39 47 42 49 45 43 46 50 124 44 41 48 75 83 66 85 81 79 70 86 76 20 77 84 15 23 18 25 21 67 22 26 16 80 17 24 3 71 6 13 9 7 10 2 4 8 5 12 51 59 54 73 57 55 130 98 52 56 53 60 27 11 30 133 33 19 34 38 28 140 29 36 63 95 78 97 69 103 58 74 64 68 65 72 135 143 138 1 141 139 142 62 136 32 137 144 99 107 102 109 105 31 106 110 100 104 101 108 123 131 126 37 129 127 94 134 40 128 125 132 87 35 90 121 93 91 82 14 88 92 89 96 111 119 114 61 117 115 118 122 112 116 113 120
15 83 78 85 81 79 82 38 76 80 77 84 111 119 114 37 117 115 10 26 112 116 113 120 51 59 54 121 57 43 58 62 52 56 53 60 39 47 42 49 45 67 34 50 40 44 41 48 87 95 90 97 93 91 94 74 88 92 89 96 75 71 66 73 69 31 70 98 64 68 65 72 3 107 102 61 105 139 106 110 100 104 101 108 27 35 30 109 21 127 118 86 28 128 29 36 63 143 138 1 33 103 142 2 136 140 137 144 99 23 18 25 141 19 22 122 16 20 17 24 123 131 126 133 129 55 130 134 124 32 125 132 135 11 6 13 9 7 46 14 4 8 5 12
87 131 126 133 129 127 118 134 100 128 125 132 15 107 18 121 21 19 22 122 16 80 29 24 135 143 102 49 105 103 106 110 76 104 101 108 63 95 90 97 93 139 94 98 88 92 89 96 123 35 138 1 141 67 142 2 136 140 137 144 3 59 114 37 117 115 46 26 112 116 113 120 99 11 6 109 9 7 10 14 4 8 5 12 75 83 78 85 81 79 70 38 124 44 17 84 39 47 42 13 45 43 82 50 40 32 41 48 111 71 66 73 69 91 130 74 64 68 65 72 27 119 30 61 33 31 34 86 28 20 77 36 51 23 54 25 57 55 58 62 52 56 53 60
51 59 54 61 117 19 58 62 52 56 53 60 27 95 78 97 93 91 94 98 88 92 89 96 123 35 30 73 33 31 46 38 28 32 29 36 15 23 66 25 21 43 22 26 16 20 17 24 63 71 18 109 69 115 70 50 64 68 65 72 39 47 42 49 45 55 118 74 40 44 41 48 75 83 90 85 141 79 82 86 76 80 77 84 3 11 6 13 9 7 10 14 4 140 5 12 111 119 114 37 81 67 34 122 112 8 113 120 135 143 138 133 57 139 142 2 136 116 137 144 99 107 102 1 105 103 106 110 100 104 101 108 87 131 126 121 129 127 130 134 124 128 125 132
75 95 90 97 93 91 94 98 88 92 89 96 87 131 126 133 129 127 130 134 28 128 125 132 27 71 66 13 69 19 70 74 64 68 65 72 51 59 54 61 57 55 58 62 52 56 53 60 99 107 102 121 105 43 106 110 100 104 101 108 111 35 78 85 81 67 82 86 76 80 77 84 123 119 114 25 117 115 118 122 112 116 113 120 39 23 42 37 33 31 46 50 40 8 41 48 3 11 6 73 9 7 10 14 4 44 5 12 63 83 30 1 45 103 34 38 124 32 29 36 135 143 138 109 141 79 142 2 136 140 137 144 15 47 18 49 21 139 22 26 16 20 17 24
63 107 66 73 69 55 70 74 64 68 65 72 3 23 90 25 33 103 106 110 100 56 101 108 39 47 42 109 9 115 34 50 40 44 41 48 27 35 30 37 105 31 46 38 28 32 29 36 75 11 78 85 81 79 82 86 76 80 77 84 99 83 54 61 57 43 58 62 52 104 53 60 87 71 18 121 93 91 94 98 88 92 17 96 15 119 102 49 45 67 22 26 16 20 125 24 135 131 126 133 129 127 130 134 124 128 89 132 51 59 6 13 21 7 10 14 112 8 5 12 111 95 114 97 117 139 118 122 4 116 113 120 123 143 138 1 141 19 142 2 136 140 137 144
99 119 114 121 141 67 130 122 112 116 137 120 123 11 6 13 9 7 118 14 4 104 5 12 87 95 90 97 93 91 94 98 88 20 89 96 75 83 78 85 69 79 82 86 76 80 77 84 135 131 126 25 129 31 58 134 124 8 125 132 51 107 102 109 105 103 106 110 100 32 101 108 111 143 138 1 81 127 142 2 136 140 53 144 63 71 66 73 57 115 34 74 64 68 65 72 27 35 30 49 117 139 46 38 28 92 29 36 3 47 54 61 33 55 70 62 52 56 113 60 15 23 18 37 21 19 22 26 16 128 17 24 39 59 42 133 45 43 10 50 40 44 41 48
111 35 30 37 9 31 34 86 28 32 29 36 63 71 102 73 69 67 82 74 124 68 65 72 3 11 6 61 141 7 10 14 100 8 113 12 135 143 138 1 33 19 142 134 136 140 137 144 39 47 42 49 45 139 46 62 40 128 5 48 15 23 18 25 21 79 22 122 16 20 17 24 51 59 54 13 57 55 70 50 52 56 89 60 123 131 126 133 129 43 130 2 112 80 77 132 87 95 90 97 93 91 94 98 88 116 125 96 27 119 114 121 117 115 118 26 4 92 53 120 75 83 78 85 81 127 58 38 76 44 41 84 99 107 66 109 105 103 106 110 64 104 101 108
123 71 102 109 105 103 106 110 40 104 101 108 99 143 138 1 141 139 142 2 136 140 137 144 75 83 78 85 45 79 82 86 4 92 77 84 87 11 114 73 81 115 70 74 64 68 65 72 111 119 66 61 117 127 118 122 28 116 113 120 63 95 90 97 93 91 94 14 88 8 89 96 135 131 126 133 129 67 130 62 124 128 125 132 51 59 54 25 69 55 58 134 52 56 53 60 15 23 18 121 21 19 22 26 16 20 17 24 39 107 42 49 9 43 46 50 76 44 41 48 3 47 6 13 57 7 10 98 112 80 5 12 27 35 30 37 33 31 34 38 100 32 29 36
58 6 85 68 4 134 5 117 59 3 96 7 34 42 37 44 40 38 41 45 143 39 36 43 118 126 121 128 124 122 77 81 119 123 120 67 106 114 109 116 112 110 101 141 107 27 72 115 10 54 13 20 16 14 17 21 11 87 48 19 94 138 133 8 88 2 137 105 131 111 132 139 22 78 1 32 28 26 29 33 23 15 24 31 142 102 61 104 100 98 125 69 95 99 60 103 130 66 25 92 64 62 65 129 35 63 12 127 82 90 97 140 136 86 89 93 83 135 84 91 46 18 49 56 52 50 113 57 47 51 108 55 70 30 73 80 76 74 53 9 71 75 144 79
22 54 25 32 28 98 29 33 23 75 24 31 58 18 73 68 64 62 5 69 59 63 60 67 106 6 1 92 4 2 125 9 143 3 72 7 130 102 133 140 40 86 89 93 131 135 132 139 34 138 37 44 136 134 137 45 35 27 36 43 10 42 61 20 16 14 17 129 11 15 12 19 46 30 49 56 52 50 53 57 47 87 144 55 118 126 97 128 124 122 65 141 119 123 120 127 82 90 85 8 88 26 41 105 83 111 84 91 142 66 109 116 112 110 113 117 107 51 108 115 70 78 13 80 76 74 77 21 71 39 48 79 94 114 121 104 100 38 101 81 95 99 96 103
10 90 13 104 16 14 17 21 143 15 144 19 46 54 49 56 112 50 77 57 47 51 48 31 82 18 85 8 136 134 137 141 131 27 132 139 118 126 121 20 52 74 125 33 95 123 120 127 22 78 25 32 28 26 29 69 23 135 24 79 142 6 1 140 76 122 5 9 119 3 108 7 34 42 37 44 100 38 41 45 35 39 36 43 106 114 109 116 40 2 113 117 11 111 12 115 70 30 73 80 4 110 53 81 71 75 72 55 94 102 133 92 124 98 101 105 59 99 96 103 58 66 61 68 64 62 65 129 107 63 60 67 130 138 97 128 88 86 89 93 83 87 84 91
46 66 49 56 52 26 53 57 47 51 48 55 82 90 133 92 16 86 89 105 83 87 24 91 22 30 37 32 64 98 29 33 23 75 84 31 10 54 13 128 136 14 17 117 11 15 12 19 142 42 61 68 40 62 65 141 59 39 60 67 34 78 25 44 4 38 41 45 35 135 36 43 70 18 73 80 76 74 5 81 71 27 72 79 58 6 1 8 28 110 77 21 143 3 144 7 106 114 109 116 112 50 113 93 107 123 108 115 130 138 121 104 88 134 137 9 131 111 132 139 94 102 97 140 100 2 101 69 95 99 96 103 118 126 85 20 124 122 125 129 119 63 120 127
82 102 61 92 88 86 89 93 83 39 84 91 118 126 85 128 100 122 125 129 95 99 120 127 58 66 73 140 16 62 65 69 59 63 60 43 46 78 49 56 124 50 53 57 47 87 48 55 94 18 97 104 76 98 101 105 119 123 96 103 70 90 13 80 52 74 77 81 71 75 72 79 106 114 109 116 112 110 113 117 107 111 108 115 34 42 121 20 4 38 41 45 35 51 36 67 142 6 1 68 40 2 5 9 143 3 144 7 22 30 25 32 28 26 29 33 23 27 24 31 130 138 133 8 136 134 137 141 131 135 132 139 10 54 37 44 64 14 17 21 11 15 12 19
130 18 133 140 136 50 137 9 131 135 132 139 22 30 25 32 28 26 29 93 23 27 108 55 142 114 109 116 112 110 53 117 107 111 24 115 94 138 97 104 100 122 113 129 119 39 96 103 46 6 1 8 4 38 5 33 95 63 144 7 118 126 121 128 124 134 125 21 143 123 120 127 10 102 13 20 64 2 101 141 11 99 12 19 82 90 73 92 88 86 89 105 83 87 84 91 58 54 49 56 52 14 17 57 47 15 48 67 70 78 85 80 76 74 77 81 71 75 60 79 34 42 37 44 40 98 41 45 35 3 36 43 106 66 61 68 16 62 65 69 59 51 72 31
142 138 1 20 64 62 65 69 11 123 60 67 94 102 97 104 124 98 101 117 35 3 96 103 34 42 61 44 52 38 113 45 95 39 36 127 22 30 25 32 28 26 29 21 23 99 24 43 70 66 73 80 100 74 77 9 71 75 72 31 46 54 49 56 40 50 53 57 47 27 48 55 82 90 85 92 88 86 89 105 83 63 84 91 130 18 13 68 16 14 17 93 107 15 108 19 118 126 121 128 76 122 125 33 119 51 120 79 10 6 37 8 4 2 41 129 143 87 144 7 106 114 109 116 112 110 5 81 59 111 12 115 58 78 133 140 136 134 137 141 131 135 132 139
94 30 97 8 100 2 101 105 95 63 72 103 130 138 61 140 88 134 137 141 131 135 132 139 70 78 133 80 76 74 41 21 71 51 12 79 58 66 37 68 64 62 65 69 59 3 60 67 106 102 109 116 112 110 113 81 107 111 108 115 82 114 73 92 136 98 89 93 83 87 84 91 118 126 121 128 124 122 17 129 119 123 120 127 10 54 85 56 52 50 53 57 47 75 96 31 46 18 13 20 16 86 77 117 11 99 24 19 34 42 49 44 40 14 5 45 35 39 36 43 142 6 1 104 4 38 125 9 143 15 144 7 22 90 25 32 28 26 29 33 23 27 48 55
70 78 73 80 76 74 77 81 71 27 120 79 106 114 109 116 52 110 113 33 107 111 144 115 46 54 49 56 28 50 101 57 47 135 48 55 34 42 61 44 16 98 41 45 35 75 36 31 82 90 85 92 88 86 89 93 83 99 84 91 58 66 37 68 64 62 65 69 59 63 60 67 130 6 97 104 40 14 125 9 95 51 96 103 22 30 25 32 112 26 29 129 23 39 24 43 94 138 133 140 136 134 137 141 131 87 132 139 118 18 13 20 100 38 17 21 11 15 12 19 10 126 121 128 124 122 53 117 119 123 72 127 142 102 1 8 4 2 5 105 143 3 108 7
118 126 121 128 40 122 125 129 119 87 12 127 10 66 13 20 136 14 17 21 11 15 84 19 94 102 97 104 100 86 5 105 35 99 96 103 82 90 85 92 88 134 137 9 83 111 108 91 130 30 133 140 64 2 41 117 131 3 132 139 106 18 109 116 112 110 113 141 107 51 144 115 142 138 25 8 4 98 65 93 143 75 60 7 70 78 37 80 76 74 101 81 71 135 72 79 34 42 61 44 124 38 89 45 59 39 36 43 58 114 1 68 16 62 53 69 95 63 48 55 22 54 73 32 28 26 29 33 23 27 120 31 46 6 49 56 52 50 77 57 47 123 24 67
34 42 37 44 124 38 41 45 35 99 36 43 70 78 121 80 76 74 65 81 71 75 72 79 130 138 13 20 40 14 17 129 11 15 108 19 142 6 1 8 4 2 5 105 143 63 144 7 58 114 49 56 52 50 53 57 47 51 12 55 22 30 85 32 28 26 29 33 23 39 24 31 94 54 61 68 16 62 77 21 59 3 48 67 46 66 133 140 136 134 137 9 131 27 132 139 10 102 97 104 100 98 101 69 95 135 96 103 106 126 73 128 64 122 125 141 119 123 120 127 118 90 25 92 88 86 89 93 83 87 84 91 82 18 109 116 112 110 113 117 107 111 60 115
106 114 109 116 112 110 113 141 107 111 108 115 142 6 1 8 4 2 53 9 119 123 12 7 10 90 25 68 88 26 89 93 83 87 144 91 70 18 73 80 76 38 77 81 71 51 84 79 118 126 121 128 124 122 125 129 143 15 120 127 130 102 97 104 100 86 101 117 95 99 96 103 58 66 133 140 136 134 137 69 131 135 132 139 94 138 49 44 64 62 5 33 59 63 48 55 22 78 37 32 28 74 29 21 23 27 60 31 46 54 61 56 52 50 65 57 47 3 72 67 82 30 85 20 16 14 17 105 11 75 24 19 34 42 13 92 40 98 41 45 35 39 36 43
137 25 140 111 23 81 84 112 138 142 139 2 29 37 32 39 119 33 36 100 30 34 43 110 113 121 116 123 143 117 120 124 78 118 115 122 77 109 104 99 107 105 108 88 102 106 103 50 5 13 8 15 11 9 12 16 66 10 7 14 41 73 68 135 131 129 144 136 114 70 127 134 17 133 20 27 83 21 24 28 18 22 19 26 89 97 92 3 95 93 96 4 90 94 91 98 53 61 56 63 59 57 60 64 54 58 55 62 101 85 80 87 35 141 132 40 6 82 79 86 125 49 44 51 47 45 48 52 126 46 31 38 65 1 128 75 71 69 72 76 42 130 67 74
17 85 8 3 143 117 12 28 54 22 19 26 101 61 56 63 59 57 144 40 18 94 103 62 137 1 140 87 47 93 24 100 138 34 139 2 125 133 20 135 131 81 132 136 90 118 127 134 29 37 32 39 35 33 36 4 30 58 31 38 53 13 128 15 11 21 60 64 6 130 7 14 41 49 44 51 23 45 48 52 42 46 43 50 5 121 116 75 119 9 120 88 114 10 115 122 77 25 80 99 83 141 84 124 78 82 79 86 65 109 104 111 95 105 108 112 102 142 67 110 113 73 68 123 71 69 72 76 66 70 55 74 89 97 92 27 107 129 96 16 126 106 91 98
5 13 20 15 11 9 144 76 6 10 7 14 41 49 128 51 47 117 48 52 42 46 55 50 125 133 68 135 131 141 132 136 114 130 91 134 113 97 116 111 119 129 120 124 78 70 115 122 17 25 104 27 23 21 96 28 126 34 19 26 137 1 140 3 107 45 12 4 138 142 139 62 89 37 32 39 35 33 36 40 30 94 31 38 101 109 44 123 83 105 108 112 102 106 103 110 65 85 8 75 71 69 72 16 66 118 67 74 53 121 92 99 59 57 24 100 90 22 43 98 29 61 56 63 143 93 60 64 54 58 127 2 77 73 80 87 95 81 84 88 18 82 79 86
41 49 44 51 47 45 24 52 42 46 43 74 77 85 80 87 35 81 84 88 78 82 79 86 17 25 20 3 23 129 36 4 18 58 19 26 29 13 8 15 11 9 12 16 114 10 7 14 53 61 56 63 59 57 60 64 102 22 115 62 5 37 32 27 83 69 132 40 30 34 31 38 65 73 68 75 71 105 72 76 66 70 67 98 137 1 140 39 143 141 144 124 138 142 139 2 101 109 104 111 107 21 108 112 6 106 103 110 125 133 128 135 131 93 48 136 126 130 127 134 89 97 92 99 95 33 96 28 90 94 91 50 113 121 116 123 119 117 120 100 54 118 55 122
77 37 80 87 119 129 60 16 78 82 79 50 113 121 116 123 83 45 120 124 54 118 115 122 53 61 56 63 59 21 84 88 126 22 127 62 41 73 44 51 47 117 48 52 42 46 43 86 89 85 68 135 95 93 24 100 90 94 55 98 125 97 92 75 71 141 72 76 66 10 91 74 101 109 104 111 107 57 108 112 114 106 103 110 29 49 32 99 35 33 36 40 30 34 31 38 137 1 140 3 143 105 144 4 102 142 139 2 17 25 20 27 23 69 96 28 18 58 19 26 65 133 128 39 131 81 132 136 138 130 67 134 5 13 8 15 11 9 12 64 6 70 7 14
125 133 128 27 83 141 132 4 18 130 67 134 17 25 20 99 23 21 24 28 114 22 31 26 101 109 104 111 71 105 108 112 102 106 103 110 89 1 92 39 95 93 96 100 54 94 91 98 65 97 140 3 143 69 144 52 138 142 139 2 29 121 8 123 59 117 120 124 126 118 19 122 5 13 116 15 11 9 12 16 6 10 127 14 77 85 80 87 131 81 84 64 78 82 79 86 41 49 44 51 119 33 48 88 42 46 43 50 113 73 68 75 107 45 72 76 66 70 55 74 137 37 32 135 35 129 36 40 30 34 7 62 53 61 56 63 47 57 60 136 90 58 115 38
53 61 56 63 59 57 36 64 126 58 55 62 89 97 92 75 95 93 96 4 90 10 91 98 29 37 32 39 83 33 60 40 54 142 31 38 17 25 128 27 23 21 24 28 18 130 19 26 41 73 20 99 71 141 72 76 114 70 67 86 65 49 44 51 119 9 48 16 42 46 43 50 77 85 80 87 47 69 84 88 78 82 79 74 113 13 8 15 11 117 12 100 6 118 7 14 5 121 116 123 35 81 120 136 30 22 115 122 137 1 140 3 143 129 144 52 138 94 139 2 101 109 104 111 107 105 108 112 102 106 103 110 125 133 68 135 131 45 132 124 66 34 127 134
89 97 92 99 95 93 96 100 90 94 91 86 125 133 44 135 131 129 132 136 126 130 127 134 65 73 128 27 35 69 72 76 66 70 67 74 137 61 56 63 59 57 60 64 6 58 55 62 101 109 116 111 107 105 108 112 54 106 103 110 77 85 80 87 143 81 84 52 78 82 79 2 53 121 8 123 119 117 120 124 102 118 115 122 41 37 104 51 47 45 48 16 42 46 43 50 113 13 68 15 11 9 12 28 138 10 7 14 29 49 32 39 71 33 36 88 30 34 31 38 5 1 140 75 83 141 144 4 18 142 139 98 17 25 20 3 23 21 24 40 114 22 19 26
65 73 68 75 71 69 72 136 66 70 103 98 5 109 104 111 107 105 60 64 102 106 67 2 41 49 44 51 119 45 48 52 42 46 43 50 101 37 32 123 35 33 144 76 30 142 31 38 77 1 80 87 83 81 84 88 6 82 79 74 113 61 56 63 47 57 36 112 54 58 55 86 29 97 92 99 95 93 96 100 90 34 91 62 17 25 20 27 23 21 24 28 18 22 19 26 125 133 128 135 131 129 132 40 126 130 127 134 89 13 8 15 11 9 12 16 78 10 7 14 53 121 116 3 59 117 120 124 114 118 115 122 137 85 140 39 143 141 108 4 138 94 139 110
113 121 116 123 107 33 120 124 114 118 115 122 53 13 8 15 11 9 12 16 6 58 7 14 89 97 92 99 95 57 96 28 90 94 55 98 5 85 80 87 83 45 84 112 126 82 79 2 125 133 128 75 131 129 132 40 78 130 127 134 101 109 104 111 35 105 108 88 102 22 103 110 137 1 140 3 143 141 144 4 138 142 139 86 65 73 68 135 71 69 72 136 66 70 67 74 29 37 32 39 47 117 36 76 18 34 31 38 77 61 56 63 119 81 60 64 54 106 91 62 17 25 20 27 23 21 24 100 42 10 19 26 41 49 44 51 59 93 48 52 30 46 43 50
29 1 32 135 131 21 108 40 30 34 31 38 65 73 68 27 71 69 72 76 66 70 19 74 5 13 8 75 11 9 12 16 6 10 7 14 53 121 140 3 143 141 36 4 138 22 139 110 137 49 44 51 47 45 48 136 42 46 43 50 17 25 20 39 23 33 24 28 18 106 67 26 113 61 56 63 59 81 60 64 54 58 55 2 125 133 128 111 107 129 132 52 126 130 127 134 89 97 92 87 95 93 96 100 90 94 91 98 41 37 116 123 83 117 120 124 114 118 115 122 77 85 80 15 119 57 84 88 78 82 79 86 101 109 104 99 35 105 144 112 102 142 103 62
101 109 104 39 35 105 48 88 102 106 127 110 137 1 140 3 143 141 108 112 138 142 139 38 77 85 80 15 107 81 144 64 30 82 79 86 65 49 68 75 71 69 72 40 66 34 67 74 113 121 92 123 119 117 120 124 18 118 91 122 89 133 116 99 95 93 96 100 90 94 115 98 125 25 128 135 131 129 132 136 126 130 7 134 53 61 56 63 59 57 60 76 54 58 55 62 17 73 20 27 23 45 24 52 114 70 19 26 5 97 44 51 47 21 84 4 42 46 103 50 41 13 8 87 11 9 12 16 6 22 43 14 29 37 32 111 83 33 36 28 78 10 31 2
144 8 15 10 6 4 55 11 1 5 2 21 72 44 3 46 42 40 43 47 37 101 38 45 36 128 123 130 54 124 127 131 121 53 122 105 108 116 111 118 66 52 115 71 109 113 110 117 120 20 135 22 18 64 19 23 13 17 14 129 132 56 99 58 102 136 67 143 133 137 134 9 24 80 39 34 30 28 31 95 25 29 26 141 96 104 27 106 114 112 103 59 97 41 98 33 60 68 63 70 138 100 139 119 85 65 62 69 84 92 87 94 90 88 91 35 61 89 86 93 48 32 51 142 126 16 7 107 49 125 50 57 12 140 75 82 78 76 79 83 73 77 74 81
24 32 27 34 30 28 31 35 25 29 26 129 60 68 39 70 66 64 7 71 61 65 62 33 12 8 3 10 42 4 91 11 1 5 2 9 72 140 75 142 138 136 139 131 121 137 134 141 36 44 63 82 126 40 103 47 37 41 38 45 144 20 15 22 18 16 19 95 13 17 14 21 48 56 51 58 54 52 55 23 49 53 50 57 120 128 99 130 102 124 127 83 85 113 122 69 84 92 87 46 90 88 67 143 97 89 86 93 108 116 111 118 114 112 115 119 109 125 110 117 132 80 123 94 78 76 79 59 73 77 74 81 96 104 135 106 6 100 43 107 133 101 98 105
12 20 111 22 18 136 19 23 13 17 14 9 48 56 51 58 114 52 55 59 49 53 50 69 132 140 135 118 138 28 139 143 133 137 38 57 120 128 39 130 126 124 127 119 37 125 122 129 144 32 27 34 30 16 31 35 25 29 26 33 24 8 3 10 6 4 7 11 1 5 2 141 36 44 63 142 66 40 43 47 109 41 134 45 108 116 123 46 42 88 115 131 121 101 62 117 72 80 15 82 78 76 79 83 73 77 74 81 96 68 99 106 102 100 103 107 97 113 98 105 60 104 75 70 54 64 67 71 61 65 110 21 84 92 87 94 90 112 91 95 85 89 86 93
84 56 135 58 54 52 67 107 37 53 50 57 96 80 63 94 90 16 91 95 133 89 86 93 24 104 27 34 30 136 31 35 25 29 26 33 12 20 15 22 18 88 19 47 13 17 14 21 60 68 39 70 66 28 43 71 49 65 62 69 48 44 111 46 42 40 55 23 61 41 38 45 72 32 75 82 78 112 79 83 73 77 74 81 144 8 87 10 6 4 7 11 1 5 2 9 108 116 3 118 114 64 115 59 109 113 110 117 132 140 51 130 138 76 139 143 85 137 134 141 36 92 99 106 102 100 103 119 97 101 98 105 120 128 123 142 126 124 127 131 121 125 122 129
48 92 3 82 90 16 91 95 133 89 86 93 120 128 123 130 126 124 127 107 85 41 122 129 60 68 63 70 6 112 67 71 61 65 62 69 132 56 51 58 54 100 55 59 49 53 50 57 12 104 87 94 102 52 79 83 97 101 98 105 36 80 27 106 78 76 31 131 73 77 74 81 108 116 111 118 114 136 115 35 121 113 110 117 84 44 39 142 138 40 19 119 109 125 38 45 144 8 99 10 66 4 7 11 1 5 2 9 24 32 75 34 30 28 43 47 25 29 26 33 96 140 135 46 42 88 139 143 37 137 134 141 72 20 15 22 18 64 103 23 13 17 14 21
132 140 99 142 138 76 139 143 85 137 134 141 108 32 27 34 30 28 31 35 25 29 26 57 84 116 111 46 18 64 115 119 109 125 110 117 96 104 135 106 102 112 103 23 97 101 98 105 24 8 3 10 6 4 7 11 1 5 2 9 120 128 123 70 126 124 127 83 121 65 122 129 12 20 15 22 42 88 19 59 13 17 14 21 36 92 51 94 90 100 91 107 37 89 86 93 48 56 75 58 54 52 55 131 49 53 50 33 144 80 39 82 78 136 79 95 73 77 74 81 72 44 87 118 114 40 43 47 133 113 38 45 60 68 63 130 66 16 67 71 61 41 62 69
60 68 63 70 66 64 115 71 61 65 110 69 36 104 99 106 102 100 19 131 97 125 98 105 144 44 39 142 114 40 7 47 37 113 134 45 24 32 27 34 90 28 79 35 25 29 26 33 72 80 75 58 78 88 55 107 73 77 74 81 96 116 51 130 54 52 91 59 49 53 50 57 84 92 87 46 18 76 67 119 85 89 86 93 12 20 15 22 126 16 43 23 13 17 14 21 120 140 123 94 30 124 103 95 121 101 122 129 48 8 135 10 6 4 31 11 133 5 2 9 108 128 3 82 138 112 127 83 109 41 62 117 132 56 111 118 42 136 139 143 1 137 38 141
108 104 39 106 102 100 103 59 97 101 98 105 132 140 135 142 138 136 139 143 121 137 134 141 72 80 75 82 78 76 79 83 73 77 74 81 60 68 63 70 114 64 67 107 133 5 62 69 96 116 99 118 90 112 115 119 109 113 110 117 84 92 87 94 66 88 43 47 85 29 86 93 120 128 123 130 126 124 127 131 61 125 122 129 48 56 111 58 54 52 55 95 49 53 50 57 12 20 51 22 18 16 19 23 13 17 14 21 36 44 27 46 42 40 7 71 37 41 38 45 144 8 15 10 6 4 91 11 1 89 2 9 24 32 3 34 30 28 31 35 25 65 26 33
72 80 75 94 78 88 79 83 73 77 74 33 84 116 111 118 54 112 67 119 109 113 110 117 48 56 51 58 126 52 55 59 49 41 50 141 36 44 87 46 42 40 43 143 61 65 38 45 108 92 123 142 114 76 91 95 85 89 86 93 60 140 63 82 138 64 139 71 37 125 62 69 96 104 99 10 90 100 103 107 1 101 98 105 24 32 3 34 30 28 31 35 25 29 26 81 132 128 135 106 6 136 127 47 133 137 134 57 12 20 15 22 18 16 19 23 13 17 14 21 120 68 39 130 66 124 115 131 121 53 122 129 144 8 27 70 102 4 7 11 97 5 2 9
120 128 123 130 126 124 127 131 121 125 62 81 12 20 15 22 18 88 103 23 13 17 14 21 96 32 87 106 102 100 19 107 97 101 98 129 84 92 99 10 30 16 91 95 85 89 86 93 132 140 111 46 138 136 139 143 133 137 134 141 108 68 135 118 114 112 115 119 109 113 110 117 144 8 3 94 6 4 7 11 37 5 2 9 72 80 75 82 78 76 79 47 73 77 74 105 36 44 39 142 42 40 43 71 61 41 38 45 60 104 63 70 66 64 67 83 1 65 122 69 24 56 27 34 90 28 31 35 25 29 26 33 48 116 51 58 54 52 55 59 49 53 50 57
36 44 87 46 42 40 43 47 49 113 38 45 24 92 75 82 78 76 115 83 73 77 74 81 120 20 15 22 66 16 103 23 13 17 14 21 144 8 3 94 6 4 7 11 1 41 2 9 48 56 51 106 54 100 67 59 61 53 122 57 12 32 39 34 90 28 79 35 25 89 26 33 60 68 27 70 138 64 91 71 97 65 62 69 132 140 135 118 18 136 139 143 133 137 134 141 96 104 111 130 102 112 31 107 37 125 98 105 72 128 123 142 126 124 127 131 121 101 50 129 84 116 63 58 30 52 55 95 85 5 86 93 108 80 99 10 114 88 19 119 109 29 110 117
96 116 51 118 114 112 7 119 109 41 122 117 144 8 87 10 6 4 79 11 1 5 2 9 108 92 99 94 90 88 43 95 85 89 86 93 48 80 123 82 78 76 31 83 73 77 74 81 84 128 15 130 42 124 127 131 121 125 50 21 72 104 75 142 30 100 103 107 97 101 98 105 132 140 135 106 102 16 139 143 133 137 38 33 60 68 63 70 66 64 67 71 61 65 110 129 24 32 27 34 126 28 91 35 25 29 26 141 120 56 3 58 54 52 55 59 49 53 62 57 12 20 111 22 18 136 19 23 13 17 14 69 36 44 39 46 138 40 115 47 37 113 134 45
138 2 141 4 144 142 1 5 115 143 32 15 30 110 33 40 36 34 37 41 31 35 140 39 114 74 117 136 120 118 121 89 139 71 116 123 102 38 105 112 108 106 109 113 103 107 104 111 6 14 9 28 12 10 13 17 7 11 8 135 126 134 129 16 132 130 133 137 19 131 128 3 18 26 21 124 24 22 25 77 91 23 20 27 90 98 93 100 96 94 97 125 55 95 92 99 54 62 57 64 60 58 61 65 127 59 56 63 78 86 81 88 84 82 73 29 79 83 68 87 42 50 45 52 48 46 49 53 43 47 44 51 66 122 69 76 72 70 85 101 67 119 80 75
30 26 57 88 24 22 25 29 139 59 20 27 54 62 129 64 60 58 61 65 55 23 56 63 6 2 141 4 144 142 1 5 19 143 140 39 126 98 117 16 132 130 133 137 127 131 128 135 18 38 33 40 36 34 37 41 31 35 32 87 138 110 9 136 12 10 13 17 7 11 8 15 90 134 45 52 48 46 85 53 43 47 44 51 114 122 69 124 120 118 121 101 115 119 116 123 78 86 81 76 84 82 49 89 79 83 80 3 102 14 105 112 108 106 109 113 103 107 104 111 66 74 21 100 72 70 73 125 67 71 68 75 42 50 93 28 96 94 97 77 91 95 92 99
18 14 9 16 12 10 13 17 103 11 8 3 42 38 45 52 48 46 49 53 43 47 44 51 126 134 93 124 132 130 133 137 127 131 80 135 114 50 81 76 120 118 121 125 7 119 116 123 30 26 21 64 24 22 85 29 19 23 20 27 6 122 105 4 144 142 1 5 139 143 92 63 138 2 33 28 36 34 37 41 31 95 32 39 102 110 117 112 108 106 109 113 91 107 104 15 66 74 69 40 72 70 25 77 67 71 68 75 90 98 141 100 96 94 97 101 55 35 128 99 54 62 57 136 60 58 61 65 115 59 56 111 78 86 129 88 84 82 73 89 79 83 140 87
42 50 45 28 48 46 49 41 19 47 68 51 78 86 81 88 84 82 85 89 79 83 80 87 18 26 21 16 24 22 25 29 43 119 20 27 6 14 9 136 12 10 13 17 91 11 8 15 54 62 57 124 60 58 61 53 55 59 56 63 30 38 33 40 36 34 37 65 31 35 32 39 66 74 69 76 72 70 73 101 67 71 128 75 138 2 141 4 144 142 1 5 139 143 140 3 102 110 105 112 108 106 109 113 103 131 104 111 126 134 129 52 132 130 133 137 127 23 44 135 90 122 93 64 96 94 97 77 7 95 92 99 114 98 117 100 120 118 121 125 115 107 116 123
78 86 81 100 84 82 85 89 79 83 80 87 114 122 117 124 120 118 121 125 115 119 116 123 54 62 57 64 60 58 61 65 67 11 56 3 42 74 45 52 48 46 49 41 43 47 44 51 90 98 93 112 96 94 97 101 91 95 92 99 66 14 69 76 72 70 73 77 127 23 68 75 102 50 105 4 108 106 109 113 103 59 104 111 30 38 33 40 36 34 37 29 31 35 32 39 138 2 141 88 144 142 1 5 55 107 140 15 18 26 21 136 24 22 25 53 19 71 20 27 126 134 129 28 132 130 133 137 139 131 128 63 6 110 9 16 12 10 13 17 7 143 8 135
126 134 129 136 132 130 133 137 127 131 128 135 18 26 21 28 24 22 1 29 19 71 20 27 102 110 105 112 108 106 109 113 103 23 104 111 90 122 93 100 96 94 97 101 31 95 92 99 138 2 141 4 144 142 25 5 139 143 140 3 114 74 117 88 120 118 121 125 115 119 116 123 6 14 9 16 12 10 13 17 7 107 68 63 78 86 81 64 84 82 85 89 79 83 80 87 42 50 45 52 48 46 73 53 43 47 44 51 66 62 69 76 72 70 49 77 67 11 8 75 30 98 33 40 36 34 37 41 91 35 32 39 54 38 57 124 60 58 61 65 55 59 56 15
54 62 21 64 60 58 61 65 55 35 56 63 90 98 57 100 96 94 97 101 91 95 92 99 30 38 33 40 36 34 37 41 31 59 32 15 18 26 129 28 24 22 25 29 19 23 20 27 66 74 69 76 72 70 73 77 67 47 68 75 42 50 45 52 48 46 49 53 43 71 44 51 78 86 81 88 84 82 1 89 79 83 80 87 6 14 9 16 12 10 13 17 7 11 8 111 114 122 117 124 120 118 121 125 139 119 116 123 138 2 93 4 144 142 85 5 115 143 140 3 102 110 105 112 108 106 109 113 103 107 104 135 126 134 141 136 132 130 133 137 127 131 128 39
90 74 93 52 96 94 97 101 91 71 92 99 126 134 69 136 132 130 133 137 127 131 128 135 66 98 129 76 72 70 73 77 7 35 68 75 54 62 57 64 60 58 61 65 55 59 56 63 102 110 105 100 108 106 109 113 103 107 104 39 78 86 81 124 84 82 85 89 67 83 80 111 114 122 117 112 120 118 121 125 115 119 116 123 42 50 45 88 48 46 49 53 43 47 44 51 6 14 9 16 12 10 13 17 31 11 8 87 30 38 33 28 36 34 37 41 139 95 32 15 138 2 141 4 144 142 1 5 79 143 140 3 18 26 21 40 24 22 25 29 19 23 20 27
66 122 69 76 72 70 73 77 67 95 140 75 102 14 93 112 108 106 109 113 103 107 68 111 42 50 45 28 48 46 85 125 91 47 44 51 138 110 33 40 36 34 37 53 115 35 32 39 78 86 81 88 84 82 49 89 79 83 80 15 54 62 57 64 60 58 61 29 55 59 56 87 30 98 141 100 96 94 97 65 19 11 8 99 18 26 21 52 24 22 25 41 127 23 20 27 126 134 129 136 132 130 133 137 7 143 128 135 6 74 9 16 12 10 13 17 43 131 92 63 114 38 117 124 120 118 121 101 31 119 116 123 90 2 105 4 144 142 1 5 139 71 104 3
114 98 117 124 120 118 121 125 31 119 116 123 6 50 9 16 12 10 13 17 7 11 8 15 90 122 69 100 96 94 97 101 55 95 92 99 78 86 21 88 84 82 85 89 79 83 80 87 126 134 129 136 132 130 133 137 127 131 128 111 102 2 141 112 108 106 109 113 103 107 104 135 42 62 93 40 144 142 61 5 139 143 140 3 66 74 105 28 72 70 73 77 67 71 68 75 30 38 33 4 36 34 37 41 115 35 32 39 54 110 57 64 60 58 1 65 91 59 56 51 18 26 81 76 24 22 25 29 19 23 20 27 138 14 45 52 48 46 49 53 43 47 44 63
6 38 33 40 36 34 37 53 7 23 104 39 66 74 105 76 72 70 73 77 67 59 32 75 138 14 9 52 12 10 13 17 115 107 8 63 30 2 141 4 144 142 1 5 139 143 140 3 42 50 45 16 48 46 121 65 43 71 44 51 18 26 21 28 24 22 25 41 79 47 20 27 54 110 57 64 60 58 49 29 55 35 56 15 126 134 129 136 132 130 133 137 19 131 128 135 90 98 93 100 96 94 97 101 91 95 92 99 114 122 117 124 120 118 61 125 31 119 116 123 78 86 69 88 84 82 85 89 127 83 80 87 102 62 81 112 108 106 109 113 103 11 68 111
102 110 105 112 108 106 109 113 43 107 44 111 138 2 141 4 144 142 25 5 139 143 104 3 78 86 81 88 84 82 49 53 79 83 128 87 66 134 69 124 72 70 73 77 67 71 68 75 114 122 117 52 120 118 1 125 115 119 116 123 90 98 93 100 96 94 97 101 91 95 140 99 126 38 129 136 132 130 133 137 127 131 92 135 54 62 57 76 60 58 61 65 103 59 56 63 18 26 21 28 24 22 85 29 19 23 20 27 42 50 45 40 48 46 121 89 7 47 80 39 6 14 9 16 12 10 13 17 55 11 8 15 30 74 33 64 36 34 37 41 31 35 32 51
134 130 29 60 140 138 141 1 135 139 136 11 26 22 113 36 32 30 33 37 27 31 28 35 110 118 65 120 116 114 117 121 111 115 112 95 98 58 101 48 104 102 105 109 99 103 100 107 2 10 5 12 8 6 9 13 3 7 4 143 122 142 125 108 128 126 129 133 123 127 52 119 14 34 17 24 92 18 21 25 15 19 16 23 62 94 89 84 20 90 93 97 87 91 88 131 50 46 53 144 56 54 57 61 51 55 124 59 74 82 77 132 80 78 81 85 75 79 76 83 38 106 41 96 44 42 45 49 39 43 40 47 86 70 137 72 68 66 69 73 63 67 64 71
14 22 17 24 20 18 21 25 15 19 16 23 38 58 53 60 116 54 57 61 51 55 4 59 62 142 137 48 140 102 141 1 99 79 52 143 122 130 113 132 68 126 129 133 123 127 124 131 26 34 29 36 32 30 33 37 27 31 28 35 2 10 5 12 8 6 105 13 3 7 136 11 86 46 41 72 44 42 45 49 39 43 40 83 110 118 125 108 80 114 9 121 111 115 112 119 74 82 77 84 104 78 81 85 75 139 76 71 98 106 101 144 56 66 117 109 135 103 100 47 134 70 65 120 128 138 69 73 63 67 64 107 50 94 89 96 92 90 93 97 87 91 88 95
2 34 5 12 8 6 9 13 3 7 4 131 110 46 41 48 44 42 45 49 39 43 40 71 122 130 125 108 128 126 129 133 123 127 136 107 62 10 53 120 116 114 117 121 111 115 112 119 38 22 17 24 20 18 21 25 15 19 88 23 134 58 113 144 80 138 141 1 135 103 124 143 26 118 29 36 32 30 33 109 27 31 28 35 98 106 101 132 104 102 105 37 99 139 100 11 14 70 137 72 68 66 69 73 63 67 64 83 86 94 89 96 92 90 93 97 87 91 16 95 50 82 77 60 56 54 57 61 51 55 52 59 74 142 65 84 140 78 81 85 75 79 76 47
38 10 41 48 44 42 45 49 39 43 40 47 98 34 77 84 80 78 81 85 75 139 76 83 14 22 17 144 20 18 21 25 3 19 16 35 2 94 125 12 8 6 9 13 15 7 4 11 50 106 53 60 68 54 57 61 51 55 52 59 26 118 29 24 92 30 33 37 27 31 28 23 74 70 65 132 116 66 69 73 63 67 64 71 134 142 137 96 140 138 141 1 135 103 136 143 62 58 101 108 128 102 105 109 99 79 100 107 122 130 5 72 32 126 129 133 123 127 88 131 86 46 89 36 104 90 93 97 87 91 124 95 110 82 113 120 56 114 117 121 111 115 112 119
74 82 101 84 80 78 81 85 75 79 76 83 86 94 137 120 128 114 69 73 111 115 112 95 50 58 77 60 56 54 57 61 51 55 124 59 38 46 41 108 44 42 45 49 39 43 40 47 98 118 89 96 92 90 93 97 87 91 16 71 62 70 65 72 68 66 117 109 63 67 64 107 122 106 53 48 20 102 105 37 99 139 100 119 26 34 113 144 32 30 33 133 27 31 28 35 134 142 5 36 140 138 141 1 135 103 136 143 14 22 17 24 104 18 21 25 15 19 52 23 110 130 125 132 116 126 129 121 123 127 88 131 2 10 29 12 8 6 9 13 3 7 4 11
122 46 125 108 128 126 129 133 123 127 124 143 50 82 17 24 20 18 117 25 15 19 16 23 134 106 113 132 104 66 105 109 27 103 100 119 86 118 89 96 92 90 93 97 87 91 88 95 14 142 137 144 140 138 141 1 135 139 136 107 110 94 101 120 116 114 21 73 111 115 112 131 2 22 5 12 8 6 9 13 3 7 4 11 74 130 77 36 56 78 81 85 75 79 76 83 98 34 41 48 44 42 45 49 39 43 40 47 38 70 65 84 68 102 69 121 63 67 64 71 62 10 29 72 32 30 33 37 99 31 28 35 26 58 53 60 80 54 57 61 51 55 52 59
62 58 53 144 92 54 57 61 51 55 52 59 74 106 89 96 56 90 93 97 87 91 88 107 26 34 29 36 32 30 9 37 15 31 28 131 14 22 17 24 20 18 21 25 135 19 16 23 86 70 65 72 80 66 69 73 63 67 64 11 38 46 137 48 44 42 45 121 39 43 40 47 50 82 77 84 104 78 81 85 75 79 76 143 2 10 5 12 8 6 117 13 3 7 4 95 110 118 113 120 116 114 33 133 111 115 112 119 134 142 125 60 140 138 141 1 99 139 136 35 98 94 101 108 68 102 105 109 27 103 100 71 122 130 41 132 128 126 129 49 123 127 124 83
50 94 89 96 116 90 117 97 87 91 88 35 14 118 125 132 92 126 129 133 123 127 124 131 98 70 53 72 68 138 69 73 63 67 64 71 26 106 5 60 128 54 57 61 51 55 52 59 134 58 101 108 104 102 105 109 99 103 100 95 74 82 77 84 32 78 81 85 75 79 76 83 110 130 113 120 56 114 93 121 111 115 112 47 86 46 41 48 44 42 45 49 39 43 40 107 2 10 65 12 80 6 9 13 3 7 4 11 62 34 29 36 8 30 33 37 27 31 28 119 122 142 137 144 140 66 141 1 135 139 136 143 38 22 17 24 20 18 21 25 15 19 16 23
86 142 65 72 68 66 93 73 63 67 64 71 62 70 101 108 104 102 105 109 99 103 100 11 38 46 41 24 44 42 45 49 39 43 40 47 110 34 29 36 140 30 33 37 27 31 28 35 74 82 77 84 128 78 81 85 75 79 76 83 50 106 53 60 56 54 69 61 51 55 4 59 98 94 89 96 80 90 57 97 87 91 88 95 14 22 17 120 116 18 21 25 15 19 16 23 122 130 125 132 8 126 129 121 123 127 52 131 2 10 137 12 20 6 9 13 3 7 124 107 26 58 113 48 92 114 117 133 111 115 112 119 134 118 5 144 32 138 141 1 135 139 136 143
110 118 113 120 56 114 33 121 111 115 112 119 2 10 5 12 8 6 9 13 3 7 52 47 86 94 89 96 92 90 93 97 87 91 88 11 74 82 77 84 80 78 81 85 75 79 76 83 122 130 125 132 116 126 129 133 123 127 124 131 98 22 41 36 104 102 57 49 99 139 100 35 134 142 137 144 140 138 141 1 135 103 136 59 38 70 65 72 68 66 69 73 63 67 64 71 26 106 29 60 32 30 117 37 27 31 28 95 50 58 53 108 128 54 105 61 51 55 4 143 14 34 17 24 20 18 21 25 15 19 16 23 62 46 101 48 44 42 45 109 39 43 40 107
26 70 77 36 32 30 69 37 27 31 28 95 134 130 65 72 140 66 21 121 63 67 64 119 2 10 5 12 8 6 33 13 135 7 4 23 50 142 137 144 56 138 141 1 3 139 136 143 62 46 41 48 44 42 45 49 39 43 40 47 14 34 17 132 20 18 9 25 15 19 16 71 38 58 101 60 68 54 117 61 51 55 52 107 122 82 29 24 128 126 129 109 123 127 124 59 86 94 89 96 92 90 93 97 87 91 88 35 110 118 113 120 116 114 57 73 111 115 112 11 74 22 53 84 80 78 81 85 75 79 76 83 98 106 125 108 104 102 105 133 99 103 100 131
98 106 137 132 104 102 105 109 99 103 100 107 122 142 29 144 68 138 141 1 135 79 136 143 74 82 101 84 80 78 81 85 75 139 76 83 134 70 65 72 32 66 69 73 63 67 64 71 110 94 113 120 56 114 117 121 111 115 112 119 86 130 89 96 140 90 93 97 87 91 88 95 62 10 125 108 128 126 129 133 123 127 124 131 50 58 53 60 92 54 57 61 51 55 52 47 38 22 17 24 20 18 21 25 15 19 16 23 26 46 41 48 44 42 45 49 39 43 40 59 2 118 5 12 8 6 9 13 3 7 4 11 14 34 77 36 116 30 33 37 27 31 28 35