7 9 13 16 3 6 5 4 11 10 1 12 15 2 14 8
3 10 5 6 15 2 1 14 7 16 4 8 11 9 13 12
15 2 1 8 11 12 13 7 3 5 9 14 6 10 16 4
11 4 14 12 8 10 9 16 15 6 2 13 3 1 5 7
8 3 10 4 7 14 11 13 5 15 6 9 16 12 2 1
2 7 6 5 16 3 8 9 14 12 10 1 4 15 11 13
14 11 16 1 5 15 6 12 4 7 13 2 10 3 8 9
12 15 9 13 2 4 10 1 16 3 8 11 14 7 6 5
16 14 8 9 4 5 2 3 13 11 12 10 7 6 1 15
4 5 2 3 6 1 16 15 8 9 14 7 13 11 12 10
6 1 12 15 10 13 7 11 2 4 5 3 8 14 9 16
10 13 11 7 14 9 12 8 6 1 16 15 2 5 4 3
5 16 4 10 12 7 3 2 9 8 11 6 1 13 15 14
1 6 3 2 13 16 15 5 12 14 7 4 9 8 10 11
13 8 15 14 9 11 4 10 1 2 3 5 12 16 7 6
9 12 7 11 1 8 14 6 10 13 15 16 5 4 3 2
